1.19614 
1.21541 
1.94227 
1.01549 
1.99583 
1.00114 
1.99967 
1.00011 
1.99995 
1.00003 
1.99997 
1.00003 
1.99997 
1.00003 
1.99997 
1.00003 
1.99997 
1.00003 
1.99997 
1.00003 
1.99997 
1.00003 
1.99997 
1.00003 
1.99997 
1.00003 
1.99997 
1.00003 
1.99997 
1.00003 
1.99997 
1.00003 
1.99997 
1.00003 
1.99997 
1.00003 
1.99997 
1.00003 
1.99997 
1.00003 
1.99997 
1.00003 
1.99997 
1.00003 
1.99997 
1.00003 
1.99997 
1.00003 
1.99997 
1.00003 
1.99997 
1.00003 
1.99997 
1.00003 
1.99997 
1.00003 
1.99997 
1.00003 
1.99997 
1.00003 
1.99997 
1.00003 
1.99997 
1.00003 
1.99997 
1.00003 
1.99997 
1.00003 
1.99997 
1.00003 
1.99997 
1.00003 
1.99997 
1.00003 
1.99997 
1.00003 
1.99997 
1.00003 
1.99997 
1.00003 
1.99997 
1.00003 
1.99997 
1.00003 
1.99997 
1.00003 
1.99997 
1.00003 
1.99997 
1.00003 
1.99997 
1.00003 
1.99997 
1.00003 
1.99997 
1.00003 
1.99997 
1.00003 
1.99997 
1.00003 
1.99997 
1.00003 
1.99997 
1.00003 
1.99997 
1.00003 
1.99997 
1.00003 
1.99997 
1.00003 
1.99997 
1.00003 
1.99997 
1.00003 
1.99997 
1.00003 
1.99997 
1.00003 
1.99997 
1.00003 
1.99997 
1.00003 
1.99997 
1.00003 
1.99997 
1.00003 
1.99997 
1.00003 
1.99997 
1.00003 
1.99997 
1.00003 
1.99997 
1.00003 
1.99997 
1.00003 
1.99997 
1.00003 
1.99997 
1.00003 
1.99997 
1.00003 
1.99997 
1.00003 
1.99997 
1.00003 
1.99997 
1.00003 
1.99997 
1.00003 
1.99997 
1.00003 
1.99997 
1.00003 
1.99997 
1.00003 
1.99997 
1.00003 
1.99997 
1.00003 
1.99997 
1.00003 
1.99997 
1.00003 
1.99997 
1.00003 
1.99997 
1.00003 
1.99997 
1.00003 
1.99997 
1.00003 
1.99997 
1.00003 
1.99997 
1.00003 
1.99997 
1.00003 
1.99997 
1.00003 
1.99997 
1.00003 
1.99997 
1.00003 
1.99997 
1.00003 
1.99997 
1.00003 
1.99997 
1.00003 
1.99997 
1.00003 
1.99997 
1.00003 
1.99997 
1.00005 
1.99989 
1.00032 
1.99887 
1.00416 
1.98452 
1.05772 
1.78461 
1.80385 
