1.18524 
1.23477 
1.91563 
1.04577 
1.96308 
1.03428 
1.96576 
1.03368 
1.96589 
1.03365 
1.96589 
1.03365 
1.96589 
1.03365 
1.96589 
1.03365 
1.96589 
1.03365 
1.96589 
1.03365 
1.96589 
1.03365 
1.96589 
1.03365 
1.96589 
1.03365 
1.96589 
1.03365 
1.96589 
1.03365 
1.96589 
1.03365 
1.96589 
1.03365 
1.96589 
1.03365 
1.96589 
1.03365 
1.96589 
1.03365 
1.96589 
1.03365 
1.96589 
1.03365 
1.96589 
1.03365 
1.96589 
1.03365 
1.96589 
1.03365 
1.96589 
1.03365 
1.96589 
1.03365 
1.96589 
1.03365 
1.96589 
1.03365 
1.96589 
1.03365 
1.96589 
1.03365 
1.96589 
1.03365 
1.96589 
1.03365 
1.96589 
1.03365 
1.96589 
1.03365 
1.96589 
1.03365 
1.96589 
1.03365 
1.96589 
1.03365 
1.96589 
1.03365 
1.96589 
1.03365 
1.96589 
1.03365 
1.96589 
1.03365 
1.96589 
1.03365 
1.96589 
1.03365 
1.96589 
1.03365 
1.96589 
1.03365 
1.96589 
1.03365 
1.96589 
1.03365 
1.96589 
1.03365 
1.96589 
1.03365 
1.96589 
1.03365 
1.96589 
1.03365 
1.96589 
1.03365 
1.96589 
1.03365 
1.96589 
1.03365 
1.96589 
1.03365 
1.96589 
1.03365 
1.96589 
1.03365 
1.96589 
1.03365 
1.96589 
1.03365 
1.96589 
1.03365 
1.96589 
1.03365 
1.96589 
1.03365 
1.96589 
1.03365 
1.96589 
1.03365 
1.96589 
1.03365 
1.96589 
1.03365 
1.96589 
1.03365 
1.96589 
1.03365 
1.96589 
1.03365 
1.96589 
1.03365 
1.96589 
1.03365 
1.96589 
1.03365 
1.96589 
1.03365 
1.96589 
1.03365 
1.96589 
1.03365 
1.96589 
1.03365 
1.96589 
1.03365 
1.96589 
1.03365 
1.96589 
1.03365 
1.96589 
1.03365 
1.96589 
1.03365 
1.96589 
1.03365 
1.96589 
1.03365 
1.96589 
1.03365 
1.96589 
1.03365 
1.96589 
1.03365 
1.96589 
1.03365 
1.96589 
1.03365 
1.96589 
1.03365 
1.96589 
1.03365 
1.96589 
1.03365 
1.96589 
1.03365 
1.96589 
1.03365 
1.96589 
1.03365 
1.96589 
1.03365 
1.96589 
1.03365 
1.96589 
1.03365 
1.96589 
1.03365 
1.96583 
1.03435 
1.95997 
1.07047 
1.78438 
1.79843 
