1.19601 
1.21564 
1.94197 
1.01583 
1.99546 
1.00152 
1.99928 
1.0005 
1.99955 
1.00043 
1.99957 
1.00043 
1.99957 
1.00043 
1.99957 
1.00043 
1.99957 
1.00043 
1.99957 
1.00043 
1.99957 
1.00043 
1.99957 
1.00043 
1.99957 
1.00043 
1.99957 
1.00043 
1.99957 
1.00043 
1.99957 
1.00043 
1.99957 
1.00043 
1.99957 
1.00043 
1.99957 
1.00043 
1.99957 
1.00043 
1.99957 
1.00043 
1.99957 
1.00043 
1.99957 
1.00043 
1.99957 
1.00043 
1.99957 
1.00043 
1.99957 
1.00043 
1.99957 
1.00043 
1.99957 
1.00043 
1.99957 
1.00043 
1.99957 
1.00043 
1.99957 
1.00043 
1.99957 
1.00043 
1.99957 
1.00043 
1.99957 
1.00043 
1.99957 
1.00043 
1.99957 
1.00043 
1.99957 
1.00043 
1.99957 
1.00043 
1.99957 
1.00043 
1.99957 
1.00043 
1.99957 
1.00043 
1.99957 
1.00043 
1.99957 
1.00043 
1.99957 
1.00043 
1.99957 
1.00043 
1.99957 
1.00043 
1.99957 
1.00043 
1.99957 
1.00043 
1.99957 
1.00043 
1.99957 
1.00043 
1.99957 
1.00043 
1.99957 
1.00043 
1.99957 
1.00043 
1.99957 
1.00043 
1.99957 
1.00043 
1.99957 
1.00043 
1.99957 
1.00043 
1.99957 
1.00043 
1.99957 
1.00043 
1.99957 
1.00043 
1.99957 
1.00043 
1.99957 
1.00043 
1.99957 
1.00043 
1.99957 
1.00043 
1.99957 
1.00043 
1.99957 
1.00043 
1.99957 
1.00043 
1.99957 
1.00043 
1.99957 
1.00043 
1.99957 
1.00043 
1.99957 
1.00043 
1.99957 
1.00043 
1.99957 
1.00043 
1.99957 
1.00043 
1.99957 
1.00043 
1.99957 
1.00043 
1.99957 
1.00043 
1.99957 
1.00043 
1.99957 
1.00043 
1.99957 
1.00043 
1.99957 
1.00043 
1.99957 
1.00043 
1.99957 
1.00043 
1.99957 
1.00043 
1.99957 
1.00043 
1.99957 
1.00043 
1.99957 
1.00043 
1.99957 
1.00043 
1.99957 
1.00043 
1.99957 
1.00043 
1.99957 
1.00043 
1.99957 
1.00043 
1.99957 
1.00043 
1.99957 
1.00043 
1.99957 
1.00043 
1.99957 
1.00043 
1.99957 
1.00043 
1.99957 
1.00044 
1.99952 
1.00067 
1.99856 
1.00441 
1.98435 
1.05782 
1.78455 
1.80387 
