1.19608 
1.21552 
1.94212 
1.01565 
1.99566 
1.00132 
1.99949 
1.0003 
1.99976 
1.00022 
1.99978 
1.00022 
1.99978 
1.00022 
1.99978 
1.00022 
1.99978 
1.00022 
1.99978 
1.00022 
1.99978 
1.00022 
1.99978 
1.00022 
1.99978 
1.00022 
1.99978 
1.00022 
1.99978 
1.00022 
1.99978 
1.00022 
1.99978 
1.00022 
1.99978 
1.00022 
1.99978 
1.00022 
1.99978 
1.00022 
1.99978 
1.00022 
1.99978 
1.00022 
1.99978 
1.00022 
1.99978 
1.00022 
1.99978 
1.00022 
1.99978 
1.00022 
1.99978 
1.00022 
1.99978 
1.00022 
1.99978 
1.00022 
1.99978 
1.00022 
1.99978 
1.00022 
1.99978 
1.00022 
1.99978 
1.00022 
1.99978 
1.00022 
1.99978 
1.00022 
1.99978 
1.00022 
1.99978 
1.00022 
1.99978 
1.00022 
1.99978 
1.00022 
1.99978 
1.00022 
1.99978 
1.00022 
1.99978 
1.00022 
1.99978 
1.00022 
1.99978 
1.00022 
1.99978 
1.00022 
1.99978 
1.00022 
1.99978 
1.00022 
1.99978 
1.00022 
1.99978 
1.00022 
1.99978 
1.00022 
1.99978 
1.00022 
1.99978 
1.00022 
1.99978 
1.00022 
1.99978 
1.00022 
1.99978 
1.00022 
1.99978 
1.00022 
1.99978 
1.00022 
1.99978 
1.00022 
1.99978 
1.00022 
1.99978 
1.00022 
1.99978 
1.00022 
1.99978 
1.00022 
1.99978 
1.00022 
1.99978 
1.00022 
1.99978 
1.00022 
1.99978 
1.00022 
1.99978 
1.00022 
1.99978 
1.00022 
1.99978 
1.00022 
1.99978 
1.00022 
1.99978 
1.00022 
1.99978 
1.00022 
1.99978 
1.00022 
1.99978 
1.00022 
1.99978 
1.00022 
1.99978 
1.00022 
1.99978 
1.00022 
1.99978 
1.00022 
1.99978 
1.00022 
1.99978 
1.00022 
1.99978 
1.00022 
1.99978 
1.00022 
1.99978 
1.00022 
1.99978 
1.00022 
1.99978 
1.00022 
1.99978 
1.00022 
1.99978 
1.00022 
1.99978 
1.00022 
1.99978 
1.00022 
1.99978 
1.00022 
1.99978 
1.00022 
1.99978 
1.00022 
1.99978 
1.00022 
1.99978 
1.00022 
1.99978 
1.00022 
1.99978 
1.00022 
1.99978 
1.00022 
1.99978 
1.00023 
1.99972 
1.00048 
1.99873 
1.00427 
1.98444 
1.05777 
1.78458 
1.80386 
