1.19615 
1.2154 
1.94227 
1.01548 
1.99584 
1.00113 
1.99968 
1.0001 
1.99996 
1.00003 
1.99998 
1.00002 
1.99998 
1.00002 
1.99998 
1.00002 
1.99998 
1.00002 
1.99998 
1.00002 
1.99998 
1.00002 
1.99998 
1.00002 
1.99998 
1.00002 
1.99998 
1.00002 
1.99998 
1.00002 
1.99998 
1.00002 
1.99998 
1.00002 
1.99998 
1.00002 
1.99998 
1.00002 
1.99998 
1.00002 
1.99998 
1.00002 
1.99998 
1.00002 
1.99998 
1.00002 
1.99998 
1.00002 
1.99998 
1.00002 
1.99998 
1.00002 
1.99998 
1.00002 
1.99998 
1.00002 
1.99998 
1.00002 
1.99998 
1.00002 
1.99998 
1.00002 
1.99998 
1.00002 
1.99998 
1.00002 
1.99998 
1.00002 
1.99998 
1.00002 
1.99998 
1.00002 
1.99998 
1.00002 
1.99998 
1.00002 
1.99998 
1.00002 
1.99998 
1.00002 
1.99998 
1.00002 
1.99998 
1.00002 
1.99998 
1.00002 
1.99998 
1.00002 
1.99998 
1.00002 
1.99998 
1.00002 
1.99998 
1.00002 
1.99998 
1.00002 
1.99998 
1.00002 
1.99998 
1.00002 
1.99998 
1.00002 
1.99998 
1.00002 
1.99998 
1.00002 
1.99998 
1.00002 
1.99998 
1.00002 
1.99998 
1.00002 
1.99998 
1.00002 
1.99998 
1.00002 
1.99998 
1.00002 
1.99998 
1.00002 
1.99998 
1.00002 
1.99998 
1.00002 
1.99998 
1.00002 
1.99998 
1.00002 
1.99998 
1.00002 
1.99998 
1.00002 
1.99998 
1.00002 
1.99998 
1.00002 
1.99998 
1.00002 
1.99998 
1.00002 
1.99998 
1.00002 
1.99998 
1.00002 
1.99998 
1.00002 
1.99998 
1.00002 
1.99998 
1.00002 
1.99998 
1.00002 
1.99998 
1.00002 
1.99998 
1.00002 
1.99998 
1.00002 
1.99998 
1.00002 
1.99998 
1.00002 
1.99998 
1.00002 
1.99998 
1.00002 
1.99998 
1.00002 
1.99998 
1.00002 
1.99998 
1.00002 
1.99998 
1.00002 
1.99998 
1.00002 
1.99998 
1.00002 
1.99998 
1.00002 
1.99998 
1.00002 
1.99998 
1.00002 
1.99998 
1.00002 
1.99998 
1.00002 
1.99998 
1.00002 
1.99998 
1.00002 
1.99998 
1.00002 
1.99997 
1.00004 
1.9999 
1.00031 
1.99888 
1.00415 
1.98453 
1.05772 
1.78461 
1.80385 
