1.19605 
1.21557 
1.94206 
1.01573 
1.99557 
1.0014 
1.9994 
1.00038 
1.99967 
1.00031 
1.99969 
1.00031 
1.9997 
1.0003 
1.9997 
1.0003 
1.9997 
1.0003 
1.9997 
1.0003 
1.9997 
1.0003 
1.9997 
1.0003 
1.9997 
1.0003 
1.9997 
1.0003 
1.9997 
1.0003 
1.9997 
1.0003 
1.9997 
1.0003 
1.9997 
1.0003 
1.9997 
1.0003 
1.9997 
1.0003 
1.9997 
1.0003 
1.9997 
1.0003 
1.9997 
1.0003 
1.9997 
1.0003 
1.9997 
1.0003 
1.9997 
1.0003 
1.9997 
1.0003 
1.9997 
1.0003 
1.9997 
1.0003 
1.9997 
1.0003 
1.9997 
1.0003 
1.9997 
1.0003 
1.9997 
1.0003 
1.9997 
1.0003 
1.9997 
1.0003 
1.9997 
1.0003 
1.9997 
1.0003 
1.9997 
1.0003 
1.9997 
1.0003 
1.9997 
1.0003 
1.9997 
1.0003 
1.9997 
1.0003 
1.9997 
1.0003 
1.9997 
1.0003 
1.9997 
1.0003 
1.9997 
1.0003 
1.9997 
1.0003 
1.9997 
1.0003 
1.9997 
1.0003 
1.9997 
1.0003 
1.9997 
1.0003 
1.9997 
1.0003 
1.9997 
1.0003 
1.9997 
1.0003 
1.9997 
1.0003 
1.9997 
1.0003 
1.9997 
1.0003 
1.9997 
1.0003 
1.9997 
1.0003 
1.9997 
1.0003 
1.9997 
1.0003 
1.9997 
1.0003 
1.9997 
1.0003 
1.9997 
1.0003 
1.9997 
1.0003 
1.9997 
1.0003 
1.9997 
1.0003 
1.9997 
1.0003 
1.9997 
1.0003 
1.9997 
1.0003 
1.9997 
1.0003 
1.9997 
1.0003 
1.9997 
1.0003 
1.9997 
1.0003 
1.9997 
1.0003 
1.9997 
1.0003 
1.9997 
1.0003 
1.9997 
1.0003 
1.9997 
1.0003 
1.9997 
1.0003 
1.9997 
1.0003 
1.9997 
1.0003 
1.9997 
1.0003 
1.9997 
1.0003 
1.9997 
1.0003 
1.9997 
1.0003 
1.9997 
1.0003 
1.9997 
1.0003 
1.9997 
1.0003 
1.9997 
1.0003 
1.9997 
1.0003 
1.9997 
1.0003 
1.9997 
1.0003 
1.9997 
1.0003 
1.9997 
1.0003 
1.9997 
1.0003 
1.9997 
1.00031 
1.99969 
1.00032 
1.99963 
1.00056 
1.99866 
1.00433 
1.98441 
1.05779 
1.78457 
1.80386 
