1.19403 
1.21909 
1.93746 
1.02101 
1.98991 
1.00726 
1.99346 
1.00636 
1.99369 
1.0063 
1.9937 
1.0063 
1.9937 
1.0063 
1.9937 
1.0063 
1.9937 
1.0063 
1.9937 
1.0063 
1.9937 
1.0063 
1.9937 
1.0063 
1.9937 
1.0063 
1.9937 
1.0063 
1.9937 
1.0063 
1.9937 
1.0063 
1.9937 
1.0063 
1.9937 
1.0063 
1.9937 
1.0063 
1.9937 
1.0063 
1.9937 
1.0063 
1.9937 
1.0063 
1.9937 
1.0063 
1.9937 
1.0063 
1.9937 
1.0063 
1.9937 
1.0063 
1.9937 
1.0063 
1.9937 
1.0063 
1.9937 
1.0063 
1.9937 
1.0063 
1.9937 
1.0063 
1.9937 
1.0063 
1.9937 
1.0063 
1.9937 
1.0063 
1.9937 
1.0063 
1.9937 
1.0063 
1.9937 
1.0063 
1.9937 
1.0063 
1.9937 
1.0063 
1.9937 
1.0063 
1.9937 
1.0063 
1.9937 
1.0063 
1.9937 
1.0063 
1.9937 
1.0063 
1.9937 
1.0063 
1.9937 
1.0063 
1.9937 
1.0063 
1.9937 
1.0063 
1.9937 
1.0063 
1.9937 
1.0063 
1.9937 
1.0063 
1.9937 
1.0063 
1.9937 
1.0063 
1.9937 
1.0063 
1.9937 
1.0063 
1.9937 
1.0063 
1.9937 
1.0063 
1.9937 
1.0063 
1.9937 
1.0063 
1.9937 
1.0063 
1.9937 
1.0063 
1.9937 
1.0063 
1.9937 
1.0063 
1.9937 
1.0063 
1.9937 
1.0063 
1.9937 
1.0063 
1.9937 
1.0063 
1.9937 
1.0063 
1.9937 
1.0063 
1.9937 
1.0063 
1.9937 
1.0063 
1.9937 
1.0063 
1.9937 
1.0063 
1.9937 
1.0063 
1.9937 
1.0063 
1.9937 
1.0063 
1.9937 
1.0063 
1.9937 
1.0063 
1.9937 
1.0063 
1.9937 
1.0063 
1.9937 
1.0063 
1.9937 
1.0063 
1.9937 
1.0063 
1.9937 
1.0063 
1.9937 
1.0063 
1.9937 
1.0063 
1.9937 
1.0063 
1.9937 
1.0063 
1.9937 
1.0063 
1.9937 
1.0063 
1.9937 
1.0063 
1.9937 
1.0063 
1.9937 
1.0063 
1.9937 
1.0063 
1.9937 
1.0063 
1.9937 
1.0063 
1.9937 
1.0063 
1.9937 
1.0063 
1.99369 
1.00638 
1.99319 
1.00902 
1.98102 
1.05955 
1.78411 
1.80381 
