1.19575 
1.21608 
1.9414 
1.01648 
1.99477 
1.00224 
1.99855 
1.00124 
1.99881 
1.00118 
1.99883 
1.00117 
1.99883 
1.00117 
1.99883 
1.00117 
1.99883 
1.00117 
1.99883 
1.00117 
1.99883 
1.00117 
1.99883 
1.00117 
1.99883 
1.00117 
1.99883 
1.00117 
1.99883 
1.00117 
1.99883 
1.00117 
1.99883 
1.00117 
1.99883 
1.00117 
1.99883 
1.00117 
1.99883 
1.00117 
1.99883 
1.00117 
1.99883 
1.00117 
1.99883 
1.00117 
1.99883 
1.00117 
1.99883 
1.00117 
1.99883 
1.00117 
1.99883 
1.00117 
1.99883 
1.00117 
1.99883 
1.00117 
1.99883 
1.00117 
1.99883 
1.00117 
1.99883 
1.00117 
1.99883 
1.00117 
1.99883 
1.00117 
1.99883 
1.00117 
1.99883 
1.00117 
1.99883 
1.00117 
1.99883 
1.00117 
1.99883 
1.00117 
1.99883 
1.00117 
1.99883 
1.00117 
1.99883 
1.00117 
1.99883 
1.00117 
1.99883 
1.00117 
1.99883 
1.00117 
1.99883 
1.00117 
1.99883 
1.00117 
1.99883 
1.00117 
1.99883 
1.00117 
1.99883 
1.00117 
1.99883 
1.00117 
1.99883 
1.00117 
1.99883 
1.00117 
1.99883 
1.00117 
1.99883 
1.00117 
1.99883 
1.00117 
1.99883 
1.00117 
1.99883 
1.00117 
1.99883 
1.00117 
1.99883 
1.00117 
1.99883 
1.00117 
1.99883 
1.00117 
1.99883 
1.00117 
1.99883 
1.00117 
1.99883 
1.00117 
1.99883 
1.00117 
1.99883 
1.00117 
1.99883 
1.00117 
1.99883 
1.00117 
1.99883 
1.00117 
1.99883 
1.00117 
1.99883 
1.00117 
1.99883 
1.00117 
1.99883 
1.00117 
1.99883 
1.00117 
1.99883 
1.00117 
1.99883 
1.00117 
1.99883 
1.00117 
1.99883 
1.00117 
1.99883 
1.00117 
1.99883 
1.00117 
1.99883 
1.00117 
1.99883 
1.00117 
1.99883 
1.00117 
1.99883 
1.00117 
1.99883 
1.00117 
1.99883 
1.00117 
1.99883 
1.00117 
1.99883 
1.00117 
1.99883 
1.00117 
1.99883 
1.00117 
1.99883 
1.00117 
1.99883 
1.00117 
1.99883 
1.00117 
1.99883 
1.00117 
1.99883 
1.00117 
1.99883 
1.00117 
1.99883 
1.00118 
1.99879 
1.00137 
1.99793 
1.00493 
1.98399 
1.05803 
1.78447 
1.80389 
