1.1961 
1.21548 
1.94217 
1.0156 
1.99571 
1.00126 
1.99955 
1.00023 
1.99982 
1.00016 
1.99984 
1.00016 
1.99984 
1.00016 
1.99984 
1.00016 
1.99984 
1.00016 
1.99984 
1.00016 
1.99984 
1.00016 
1.99984 
1.00016 
1.99984 
1.00016 
1.99984 
1.00016 
1.99984 
1.00016 
1.99984 
1.00016 
1.99984 
1.00016 
1.99984 
1.00016 
1.99984 
1.00016 
1.99984 
1.00016 
1.99984 
1.00016 
1.99984 
1.00016 
1.99984 
1.00016 
1.99984 
1.00016 
1.99984 
1.00016 
1.99984 
1.00016 
1.99984 
1.00016 
1.99984 
1.00016 
1.99984 
1.00016 
1.99984 
1.00016 
1.99984 
1.00016 
1.99984 
1.00016 
1.99984 
1.00016 
1.99984 
1.00016 
1.99984 
1.00016 
1.99984 
1.00016 
1.99984 
1.00016 
1.99984 
1.00016 
1.99984 
1.00016 
1.99984 
1.00016 
1.99984 
1.00016 
1.99984 
1.00016 
1.99984 
1.00016 
1.99984 
1.00016 
1.99984 
1.00016 
1.99984 
1.00016 
1.99984 
1.00016 
1.99984 
1.00016 
1.99984 
1.00016 
1.99984 
1.00016 
1.99984 
1.00016 
1.99984 
1.00016 
1.99984 
1.00016 
1.99984 
1.00016 
1.99984 
1.00016 
1.99984 
1.00016 
1.99984 
1.00016 
1.99984 
1.00016 
1.99984 
1.00016 
1.99984 
1.00016 
1.99984 
1.00016 
1.99984 
1.00016 
1.99984 
1.00016 
1.99984 
1.00016 
1.99984 
1.00016 
1.99984 
1.00016 
1.99984 
1.00016 
1.99984 
1.00016 
1.99984 
1.00016 
1.99984 
1.00016 
1.99984 
1.00016 
1.99984 
1.00016 
1.99984 
1.00016 
1.99984 
1.00016 
1.99984 
1.00016 
1.99984 
1.00016 
1.99984 
1.00016 
1.99984 
1.00016 
1.99984 
1.00016 
1.99984 
1.00016 
1.99984 
1.00016 
1.99984 
1.00016 
1.99984 
1.00016 
1.99984 
1.00016 
1.99984 
1.00016 
1.99984 
1.00016 
1.99984 
1.00016 
1.99984 
1.00016 
1.99984 
1.00016 
1.99984 
1.00016 
1.99984 
1.00016 
1.99984 
1.00016 
1.99984 
1.00016 
1.99984 
1.00016 
1.99984 
1.00016 
1.99984 
1.00016 
1.99984 
1.00016 
1.99984 
1.00017 
1.99978 
1.00043 
1.99878 
1.00423 
1.98447 
1.05775 
1.78459 
1.80386 
