1.19559 
1.21635 
1.94105 
1.01689 
1.99433 
1.0027 
1.99808 
1.00171 
1.99834 
1.00164 
1.99836 
1.00164 
1.99836 
1.00164 
1.99836 
1.00164 
1.99836 
1.00164 
1.99836 
1.00164 
1.99836 
1.00164 
1.99836 
1.00164 
1.99836 
1.00164 
1.99836 
1.00164 
1.99836 
1.00164 
1.99836 
1.00164 
1.99836 
1.00164 
1.99836 
1.00164 
1.99836 
1.00164 
1.99836 
1.00164 
1.99836 
1.00164 
1.99836 
1.00164 
1.99836 
1.00164 
1.99836 
1.00164 
1.99836 
1.00164 
1.99836 
1.00164 
1.99836 
1.00164 
1.99836 
1.00164 
1.99836 
1.00164 
1.99836 
1.00164 
1.99836 
1.00164 
1.99836 
1.00164 
1.99836 
1.00164 
1.99836 
1.00164 
1.99836 
1.00164 
1.99836 
1.00164 
1.99836 
1.00164 
1.99836 
1.00164 
1.99836 
1.00164 
1.99836 
1.00164 
1.99836 
1.00164 
1.99836 
1.00164 
1.99836 
1.00164 
1.99836 
1.00164 
1.99836 
1.00164 
1.99836 
1.00164 
1.99836 
1.00164 
1.99836 
1.00164 
1.99836 
1.00164 
1.99836 
1.00164 
1.99836 
1.00164 
1.99836 
1.00164 
1.99836 
1.00164 
1.99836 
1.00164 
1.99836 
1.00164 
1.99836 
1.00164 
1.99836 
1.00164 
1.99836 
1.00164 
1.99836 
1.00164 
1.99836 
1.00164 
1.99836 
1.00164 
1.99836 
1.00164 
1.99836 
1.00164 
1.99836 
1.00164 
1.99836 
1.00164 
1.99836 
1.00164 
1.99836 
1.00164 
1.99836 
1.00164 
1.99836 
1.00164 
1.99836 
1.00164 
1.99836 
1.00164 
1.99836 
1.00164 
1.99836 
1.00164 
1.99836 
1.00164 
1.99836 
1.00164 
1.99836 
1.00164 
1.99836 
1.00164 
1.99836 
1.00164 
1.99836 
1.00164 
1.99836 
1.00164 
1.99836 
1.00164 
1.99836 
1.00164 
1.99836 
1.00164 
1.99836 
1.00164 
1.99836 
1.00164 
1.99836 
1.00164 
1.99836 
1.00164 
1.99836 
1.00164 
1.99836 
1.00164 
1.99836 
1.00164 
1.99836 
1.00164 
1.99836 
1.00164 
1.99836 
1.00164 
1.99836 
1.00164 
1.99836 
1.00164 
1.99836 
1.00164 
1.99836 
1.00164 
1.99836 
1.00165 
1.99833 
1.00182 
1.99752 
1.00527 
1.98374 
1.05816 
1.78442 
1.8039 
