1.19587 
1.21588 
1.94166 
1.01619 
1.99508 
1.00192 
1.99888 
1.00091 
1.99914 
1.00084 
1.99916 
1.00084 
1.99916 
1.00084 
1.99916 
1.00084 
1.99916 
1.00084 
1.99916 
1.00084 
1.99916 
1.00084 
1.99916 
1.00084 
1.99916 
1.00084 
1.99916 
1.00084 
1.99916 
1.00084 
1.99916 
1.00084 
1.99916 
1.00084 
1.99916 
1.00084 
1.99916 
1.00084 
1.99916 
1.00084 
1.99916 
1.00084 
1.99916 
1.00084 
1.99916 
1.00084 
1.99916 
1.00084 
1.99916 
1.00084 
1.99916 
1.00084 
1.99916 
1.00084 
1.99916 
1.00084 
1.99916 
1.00084 
1.99916 
1.00084 
1.99916 
1.00084 
1.99916 
1.00084 
1.99916 
1.00084 
1.99916 
1.00084 
1.99916 
1.00084 
1.99916 
1.00084 
1.99916 
1.00084 
1.99916 
1.00084 
1.99916 
1.00084 
1.99916 
1.00084 
1.99916 
1.00084 
1.99916 
1.00084 
1.99916 
1.00084 
1.99916 
1.00084 
1.99916 
1.00084 
1.99916 
1.00084 
1.99916 
1.00084 
1.99916 
1.00084 
1.99916 
1.00084 
1.99916 
1.00084 
1.99916 
1.00084 
1.99916 
1.00084 
1.99916 
1.00084 
1.99916 
1.00084 
1.99916 
1.00084 
1.99916 
1.00084 
1.99916 
1.00084 
1.99916 
1.00084 
1.99916 
1.00084 
1.99916 
1.00084 
1.99916 
1.00084 
1.99916 
1.00084 
1.99916 
1.00084 
1.99916 
1.00084 
1.99916 
1.00084 
1.99916 
1.00084 
1.99916 
1.00084 
1.99916 
1.00084 
1.99916 
1.00084 
1.99916 
1.00084 
1.99916 
1.00084 
1.99916 
1.00084 
1.99916 
1.00084 
1.99916 
1.00084 
1.99916 
1.00084 
1.99916 
1.00084 
1.99916 
1.00084 
1.99916 
1.00084 
1.99916 
1.00084 
1.99916 
1.00084 
1.99916 
1.00084 
1.99916 
1.00084 
1.99916 
1.00084 
1.99916 
1.00084 
1.99916 
1.00084 
1.99916 
1.00084 
1.99916 
1.00084 
1.99916 
1.00084 
1.99916 
1.00084 
1.99916 
1.00084 
1.99916 
1.00084 
1.99916 
1.00084 
1.99916 
1.00084 
1.99916 
1.00084 
1.99916 
1.00084 
1.99916 
1.00084 
1.99916 
1.00084 
1.99916 
1.00085 
1.99912 
1.00106 
1.99822 
1.00469 
1.98415 
1.05794 
1.78451 
1.80388 
