1.16471 
1.26136 
1.86209 
1.09491 
1.89925 
1.0871 
1.9008 
1.0868 
1.90086 
1.08679 
1.90086 
1.08679 
1.90086 
1.08679 
1.90086 
1.08679 
1.90086 
1.08679 
1.90086 
1.08679 
1.90086 
1.08679 
1.90086 
1.08679 
1.90086 
1.08679 
1.90086 
1.08679 
1.90086 
1.08679 
1.90086 
1.08679 
1.90086 
1.08679 
1.90086 
1.08679 
1.90086 
1.08679 
1.90086 
1.08679 
1.90086 
1.08679 
1.90086 
1.08679 
1.90086 
1.08679 
1.90086 
1.08679 
1.90086 
1.08679 
1.90086 
1.08679 
1.90086 
1.08679 
1.90086 
1.08679 
1.90086 
1.08679 
1.90086 
1.08679 
1.90086 
1.08679 
1.90086 
1.08679 
1.90086 
1.08679 
1.90086 
1.08679 
1.90086 
1.08679 
1.90086 
1.08679 
1.90086 
1.08679 
1.90086 
1.08679 
1.90086 
1.08679 
1.90086 
1.08679 
1.90086 
1.08679 
1.90086 
1.08679 
1.90086 
1.08679 
1.90086 
1.08679 
1.90086 
1.08679 
1.90086 
1.08679 
1.90086 
1.08679 
1.90086 
1.08679 
1.90086 
1.08679 
1.90086 
1.08679 
1.90086 
1.08679 
1.90086 
1.08679 
1.90086 
1.08679 
1.90086 
1.08679 
1.90086 
1.08679 
1.90086 
1.08679 
1.90086 
1.08679 
1.90086 
1.08679 
1.90086 
1.08679 
1.90086 
1.08679 
1.90086 
1.08679 
1.90086 
1.08679 
1.90086 
1.08679 
1.90086 
1.08679 
1.90086 
1.08679 
1.90086 
1.08679 
1.90086 
1.08679 
1.90086 
1.08679 
1.90086 
1.08679 
1.90086 
1.08679 
1.90086 
1.08679 
1.90086 
1.08679 
1.90086 
1.08679 
1.90086 
1.08679 
1.90086 
1.08679 
1.90086 
1.08679 
1.90086 
1.08679 
1.90086 
1.08679 
1.90086 
1.08679 
1.90086 
1.08679 
1.90086 
1.08679 
1.90086 
1.08679 
1.90086 
1.08679 
1.90086 
1.08679 
1.90086 
1.08679 
1.90086 
1.08679 
1.90086 
1.08679 
1.90086 
1.08679 
1.90086 
1.08679 
1.90086 
1.08679 
1.90086 
1.08679 
1.90086 
1.08679 
1.90086 
1.08679 
1.90086 
1.08679 
1.90086 
1.08679 
1.90086 
1.08679 
1.90086 
1.08679 
1.90086 
1.08679 
1.90086 
1.08679 
1.90086 
1.08682 
1.89983 
1.10147 
1.77982 
1.76011 
