1.19614 
1.21541 
1.94226 
1.0155 
1.99582 
1.00115 
1.99966 
1.00012 
1.99994 
1.00005 
1.99996 
1.00004 
1.99996 
1.00004 
1.99996 
1.00004 
1.99996 
1.00004 
1.99996 
1.00004 
1.99996 
1.00004 
1.99996 
1.00004 
1.99996 
1.00004 
1.99996 
1.00004 
1.99996 
1.00004 
1.99996 
1.00004 
1.99996 
1.00004 
1.99996 
1.00004 
1.99996 
1.00004 
1.99996 
1.00004 
1.99996 
1.00004 
1.99996 
1.00004 
1.99996 
1.00004 
1.99996 
1.00004 
1.99996 
1.00004 
1.99996 
1.00004 
1.99996 
1.00004 
1.99996 
1.00004 
1.99996 
1.00004 
1.99996 
1.00004 
1.99996 
1.00004 
1.99996 
1.00004 
1.99996 
1.00004 
1.99996 
1.00004 
1.99996 
1.00004 
1.99996 
1.00004 
1.99996 
1.00004 
1.99996 
1.00004 
1.99996 
1.00004 
1.99996 
1.00004 
1.99996 
1.00004 
1.99996 
1.00004 
1.99996 
1.00004 
1.99996 
1.00004 
1.99996 
1.00004 
1.99996 
1.00004 
1.99996 
1.00004 
1.99996 
1.00004 
1.99996 
1.00004 
1.99996 
1.00004 
1.99996 
1.00004 
1.99996 
1.00004 
1.99996 
1.00004 
1.99996 
1.00004 
1.99996 
1.00004 
1.99996 
1.00004 
1.99996 
1.00004 
1.99996 
1.00004 
1.99996 
1.00004 
1.99996 
1.00004 
1.99996 
1.00004 
1.99996 
1.00004 
1.99996 
1.00004 
1.99996 
1.00004 
1.99996 
1.00004 
1.99996 
1.00004 
1.99996 
1.00004 
1.99996 
1.00004 
1.99996 
1.00004 
1.99996 
1.00004 
1.99996 
1.00004 
1.99996 
1.00004 
1.99996 
1.00004 
1.99996 
1.00004 
1.99996 
1.00004 
1.99996 
1.00004 
1.99996 
1.00004 
1.99996 
1.00004 
1.99996 
1.00004 
1.99996 
1.00004 
1.99996 
1.00004 
1.99996 
1.00004 
1.99996 
1.00004 
1.99996 
1.00004 
1.99996 
1.00004 
1.99996 
1.00004 
1.99996 
1.00004 
1.99996 
1.00004 
1.99996 
1.00004 
1.99996 
1.00004 
1.99996 
1.00004 
1.99996 
1.00004 
1.99996 
1.00004 
1.99996 
1.00004 
1.99996 
1.00004 
1.99996 
1.00004 
1.99996 
1.00004 
1.99995 
1.00006 
1.99988 
1.00033 
1.99886 
1.00417 
1.98452 
1.05772 
1.7846 
1.80385 
