1.17469 
1.25108 
1.8878 
1.07407 
1.92948 
1.06477 
1.93146 
1.06436 
1.93153 
1.06435 
1.93154 
1.06435 
1.93154 
1.06435 
1.93154 
1.06435 
1.93154 
1.06435 
1.93154 
1.06435 
1.93154 
1.06435 
1.93154 
1.06435 
1.93154 
1.06435 
1.93154 
1.06435 
1.93154 
1.06435 
1.93154 
1.06435 
1.93154 
1.06435 
1.93154 
1.06435 
1.93154 
1.06435 
1.93154 
1.06435 
1.93154 
1.06435 
1.93154 
1.06435 
1.93154 
1.06435 
1.93154 
1.06435 
1.93154 
1.06435 
1.93154 
1.06435 
1.93154 
1.06435 
1.93154 
1.06435 
1.93154 
1.06435 
1.93154 
1.06435 
1.93154 
1.06435 
1.93154 
1.06435 
1.93154 
1.06435 
1.93154 
1.06435 
1.93154 
1.06435 
1.93154 
1.06435 
1.93154 
1.06435 
1.93154 
1.06435 
1.93154 
1.06435 
1.93154 
1.06435 
1.93154 
1.06435 
1.93154 
1.06435 
1.93154 
1.06435 
1.93154 
1.06435 
1.93154 
1.06435 
1.93154 
1.06435 
1.93154 
1.06435 
1.93154 
1.06435 
1.93154 
1.06435 
1.93154 
1.06435 
1.93154 
1.06435 
1.93154 
1.06435 
1.93154 
1.06435 
1.93154 
1.06435 
1.93154 
1.06435 
1.93154 
1.06435 
1.93154 
1.06435 
1.93154 
1.06435 
1.93154 
1.06435 
1.93154 
1.06435 
1.93154 
1.06435 
1.93154 
1.06435 
1.93154 
1.06435 
1.93154 
1.06435 
1.93154 
1.06435 
1.93154 
1.06435 
1.93154 
1.06435 
1.93154 
1.06435 
1.93154 
1.06435 
1.93154 
1.06435 
1.93154 
1.06435 
1.93154 
1.06435 
1.93154 
1.06435 
1.93154 
1.06435 
1.93154 
1.06435 
1.93154 
1.06435 
1.93154 
1.06435 
1.93154 
1.06435 
1.93154 
1.06435 
1.93154 
1.06435 
1.93154 
1.06435 
1.93154 
1.06435 
1.93154 
1.06435 
1.93154 
1.06435 
1.93154 
1.06435 
1.93154 
1.06435 
1.93154 
1.06435 
1.93154 
1.06435 
1.93154 
1.06435 
1.93154 
1.06435 
1.93154 
1.06435 
1.93154 
1.06435 
1.93154 
1.06435 
1.93154 
1.06435 
1.93154 
1.06435 
1.93154 
1.06435 
1.93154 
1.06435 
1.93154 
1.06435 
1.93154 
1.06435 
1.93153 
1.06449 
1.92917 
1.08711 
1.78401 
1.78205 
