1.19613 
1.21544 
1.94223 
1.01553 
1.99578 
1.00119 
1.99962 
1.00016 
1.9999 
1.00008 
1.99992 
1.00008 
1.99992 
1.00008 
1.99992 
1.00008 
1.99992 
1.00008 
1.99992 
1.00008 
1.99992 
1.00008 
1.99992 
1.00008 
1.99992 
1.00008 
1.99992 
1.00008 
1.99992 
1.00008 
1.99992 
1.00008 
1.99992 
1.00008 
1.99992 
1.00008 
1.99992 
1.00008 
1.99992 
1.00008 
1.99992 
1.00008 
1.99992 
1.00008 
1.99992 
1.00008 
1.99992 
1.00008 
1.99992 
1.00008 
1.99992 
1.00008 
1.99992 
1.00008 
1.99992 
1.00008 
1.99992 
1.00008 
1.99992 
1.00008 
1.99992 
1.00008 
1.99992 
1.00008 
1.99992 
1.00008 
1.99992 
1.00008 
1.99992 
1.00008 
1.99992 
1.00008 
1.99992 
1.00008 
1.99992 
1.00008 
1.99992 
1.00008 
1.99992 
1.00008 
1.99992 
1.00008 
1.99992 
1.00008 
1.99992 
1.00008 
1.99992 
1.00008 
1.99992 
1.00008 
1.99992 
1.00008 
1.99992 
1.00008 
1.99992 
1.00008 
1.99992 
1.00008 
1.99992 
1.00008 
1.99992 
1.00008 
1.99992 
1.00008 
1.99992 
1.00008 
1.99992 
1.00008 
1.99992 
1.00008 
1.99992 
1.00008 
1.99992 
1.00008 
1.99992 
1.00008 
1.99992 
1.00008 
1.99992 
1.00008 
1.99992 
1.00008 
1.99992 
1.00008 
1.99992 
1.00008 
1.99992 
1.00008 
1.99992 
1.00008 
1.99992 
1.00008 
1.99992 
1.00008 
1.99992 
1.00008 
1.99992 
1.00008 
1.99992 
1.00008 
1.99992 
1.00008 
1.99992 
1.00008 
1.99992 
1.00008 
1.99992 
1.00008 
1.99992 
1.00008 
1.99992 
1.00008 
1.99992 
1.00008 
1.99992 
1.00008 
1.99992 
1.00008 
1.99992 
1.00008 
1.99992 
1.00008 
1.99992 
1.00008 
1.99992 
1.00008 
1.99992 
1.00008 
1.99992 
1.00008 
1.99992 
1.00008 
1.99992 
1.00008 
1.99992 
1.00008 
1.99992 
1.00008 
1.99992 
1.00008 
1.99992 
1.00008 
1.99992 
1.00008 
1.99992 
1.00008 
1.99992 
1.00008 
1.99992 
1.00008 
1.99992 
1.00008 
1.99992 
1.00008 
1.99992 
1.0001 
1.99985 
1.00036 
1.99883 
1.00419 
1.9845 
1.05773 
1.7846 
1.80385 
