0.75 
0.90625 
1.13672 
0.85791 
1.14276 
0.857155 
1.14286 
0.857143 
1.14286 
0.857143 
1.14286 
0.857143 
1.14286 
0.857143 
1.14286 
0.857143 
1.14286 
0.857143 
1.14286 
0.857143 
1.14286 
0.857143 
1.14286 
0.857143 
1.14286 
0.857143 
1.14286 
0.857143 
1.14286 
0.857143 
1.14286 
0.857143 
1.14286 
0.857143 
1.14286 
0.857143 
1.14286 
0.857143 
1.14286 
0.857143 
1.14286 
0.857143 
1.14286 
0.857143 
1.14286 
0.857143 
1.14286 
0.857143 
1.14286 
0.857143 
1.14286 
0.857143 
1.14286 
0.857143 
1.14286 
0.857143 
1.14286 
0.857143 
1.14286 
0.857143 
1.14286 
0.857143 
1.14286 
0.857143 
1.14286 
0.857143 
1.14286 
0.857143 
1.14286 
0.857143 
1.14286 
0.857143 
1.14286 
0.857143 
1.14286 
0.857143 
1.14286 
0.857143 
1.14286 
0.857143 
1.14286 
0.857143 
1.14286 
0.857143 
1.14286 
0.857143 
1.14286 
0.857143 
1.14286 
0.857143 
1.14286 
0.857143 
1.14286 
0.857143 
1.14286 
0.857143 
1.14286 
0.857143 
1.14286 
0.857143 
1.14286 
0.857143 
1.14286 
0.857143 
1.14286 
0.857143 
1.14286 
0.857143 
1.14286 
0.857143 
1.14286 
0.857143 
1.14286 
0.857143 
1.14286 
0.857143 
1.14286 
0.857143 
1.14286 
0.857143 
1.14286 
0.857143 
1.14286 
0.857143 
1.14286 
0.857143 
1.14286 
0.857143 
1.14286 
0.857143 
1.14286 
0.857143 
1.14286 
0.857143 
1.14286 
0.857143 
1.14286 
0.857143 
1.14286 
0.857143 
1.14286 
0.857143 
1.14286 
0.857143 
1.14286 
0.857143 
1.14286 
0.857143 
1.14286 
0.857143 
1.14286 
0.857143 
1.14286 
0.857143 
1.14286 
0.857143 
1.14286 
0.857143 
1.14286 
0.857143 
1.14286 
0.857143 
1.14286 
0.857143 
1.14286 
0.857143 
1.14286 
0.857143 
1.14286 
0.857143 
1.14286 
0.857143 
1.14286 
0.857143 
1.14286 
0.857143 
1.14286 
0.857143 
1.14286 
0.857143 
1.14286 
0.857143 
1.14286 
0.857143 
1.14286 
0.857143 
1.14286 
0.857143 
1.14286 
0.857143 
1.14286 
0.857143 
1.14286 
0.857143 
1.14286 
0.857143 
1.14286 
0.857143 
1.14286 
0.857143 
1.14286 
0.857143 
1.14286 
0.982143 
