1.10779 
1.25843 
1.73788 
1.13089 
1.76153 
1.12677 
1.76221 
1.12666 
1.76223 
1.12666 
1.76223 
1.12666 
1.76223 
1.12666 
1.76223 
1.12666 
1.76223 
1.12666 
1.76223 
1.12666 
1.76223 
1.12666 
1.76223 
1.12666 
1.76223 
1.12666 
1.76223 
1.12666 
1.76223 
1.12666 
1.76223 
1.12666 
1.76223 
1.12666 
1.76223 
1.12666 
1.76223 
1.12666 
1.76223 
1.12666 
1.76223 
1.12666 
1.76223 
1.12666 
1.76223 
1.12666 
1.76223 
1.12666 
1.76223 
1.12666 
1.76223 
1.12666 
1.76223 
1.12666 
1.76223 
1.12666 
1.76223 
1.12666 
1.76223 
1.12666 
1.76223 
1.12666 
1.76223 
1.12666 
1.76223 
1.12666 
1.76223 
1.12666 
1.76223 
1.12666 
1.76223 
1.12666 
1.76223 
1.12666 
1.76223 
1.12666 
1.76223 
1.12666 
1.76223 
1.12666 
1.76223 
1.12666 
1.76223 
1.12666 
1.76223 
1.12666 
1.76223 
1.12666 
1.76223 
1.12666 
1.76223 
1.12666 
1.76223 
1.12666 
1.76223 
1.12666 
1.76223 
1.12666 
1.76223 
1.12666 
1.76223 
1.12666 
1.76223 
1.12666 
1.76223 
1.12666 
1.76223 
1.12666 
1.76223 
1.12666 
1.76223 
1.12666 
1.76223 
1.12666 
1.76223 
1.12666 
1.76223 
1.12666 
1.76223 
1.12666 
1.76223 
1.12666 
1.76223 
1.12666 
1.76223 
1.12666 
1.76223 
1.12666 
1.76223 
1.12666 
1.76223 
1.12666 
1.76223 
1.12666 
1.76223 
1.12666 
1.76223 
1.12666 
1.76223 
1.12666 
1.76223 
1.12666 
1.76223 
1.12666 
1.76223 
1.12666 
1.76223 
1.12666 
1.76223 
1.12666 
1.76223 
1.12666 
1.76223 
1.12666 
1.76223 
1.12666 
1.76223 
1.12666 
1.76223 
1.12666 
1.76223 
1.12666 
1.76223 
1.12666 
1.76223 
1.12666 
1.76223 
1.12666 
1.76223 
1.12666 
1.76223 
1.12666 
1.76223 
1.12666 
1.76223 
1.12666 
1.76223 
1.12666 
1.76223 
1.12666 
1.76223 
1.12666 
1.76223 
1.12666 
1.76223 
1.12666 
1.76223 
1.12666 
1.76223 
1.12666 
1.76223 
1.12666 
1.76223 
1.12666 
1.76223 
1.12666 
1.76223 
1.12666 
1.76223 
1.12666 
1.76223 
1.12861 
1.71263 
1.62129 
