1.19506 
1.21728 
1.93984 
1.01827 
1.99284 
1.00424 
1.99653 
1.00328 
1.99677 
1.00322 
1.99678 
1.00321 
1.99679 
1.00321 
1.99679 
1.00321 
1.99679 
1.00321 
1.99679 
1.00321 
1.99679 
1.00321 
1.99679 
1.00321 
1.99679 
1.00321 
1.99679 
1.00321 
1.99679 
1.00321 
1.99679 
1.00321 
1.99679 
1.00321 
1.99679 
1.00321 
1.99679 
1.00321 
1.99679 
1.00321 
1.99679 
1.00321 
1.99679 
1.00321 
1.99679 
1.00321 
1.99679 
1.00321 
1.99679 
1.00321 
1.99679 
1.00321 
1.99679 
1.00321 
1.99679 
1.00321 
1.99679 
1.00321 
1.99679 
1.00321 
1.99679 
1.00321 
1.99679 
1.00321 
1.99679 
1.00321 
1.99679 
1.00321 
1.99679 
1.00321 
1.99679 
1.00321 
1.99679 
1.00321 
1.99679 
1.00321 
1.99679 
1.00321 
1.99679 
1.00321 
1.99679 
1.00321 
1.99679 
1.00321 
1.99679 
1.00321 
1.99679 
1.00321 
1.99679 
1.00321 
1.99679 
1.00321 
1.99679 
1.00321 
1.99679 
1.00321 
1.99679 
1.00321 
1.99679 
1.00321 
1.99679 
1.00321 
1.99679 
1.00321 
1.99679 
1.00321 
1.99679 
1.00321 
1.99679 
1.00321 
1.99679 
1.00321 
1.99679 
1.00321 
1.99679 
1.00321 
1.99679 
1.00321 
1.99679 
1.00321 
1.99679 
1.00321 
1.99679 
1.00321 
1.99679 
1.00321 
1.99679 
1.00321 
1.99679 
1.00321 
1.99679 
1.00321 
1.99679 
1.00321 
1.99679 
1.00321 
1.99679 
1.00321 
1.99679 
1.00321 
1.99679 
1.00321 
1.99679 
1.00321 
1.99679 
1.00321 
1.99679 
1.00321 
1.99679 
1.00321 
1.99679 
1.00321 
1.99679 
1.00321 
1.99679 
1.00321 
1.99679 
1.00321 
1.99679 
1.00321 
1.99679 
1.00321 
1.99679 
1.00321 
1.99679 
1.00321 
1.99679 
1.00321 
1.99679 
1.00321 
1.99679 
1.00321 
1.99679 
1.00321 
1.99679 
1.00321 
1.99679 
1.00321 
1.99679 
1.00321 
1.99679 
1.00321 
1.99679 
1.00321 
1.99679 
1.00321 
1.99679 
1.00321 
1.99679 
1.00321 
1.99679 
1.00321 
1.99679 
1.00321 
1.99679 
1.00322 
1.99676 
1.00334 
1.99609 
1.00648 
1.98288 
1.05861 
1.78429 
1.8039 
