1.19537 
1.21674 
1.94054 
1.01746 
1.99371 
1.00334 
1.99744 
1.00236 
1.99769 
1.0023 
1.9977 
1.0023 
1.9977 
1.0023 
1.9977 
1.0023 
1.9977 
1.0023 
1.9977 
1.0023 
1.9977 
1.0023 
1.9977 
1.0023 
1.9977 
1.0023 
1.9977 
1.0023 
1.9977 
1.0023 
1.9977 
1.0023 
1.9977 
1.0023 
1.9977 
1.0023 
1.9977 
1.0023 
1.9977 
1.0023 
1.9977 
1.0023 
1.9977 
1.0023 
1.9977 
1.0023 
1.9977 
1.0023 
1.9977 
1.0023 
1.9977 
1.0023 
1.9977 
1.0023 
1.9977 
1.0023 
1.9977 
1.0023 
1.9977 
1.0023 
1.9977 
1.0023 
1.9977 
1.0023 
1.9977 
1.0023 
1.9977 
1.0023 
1.9977 
1.0023 
1.9977 
1.0023 
1.9977 
1.0023 
1.9977 
1.0023 
1.9977 
1.0023 
1.9977 
1.0023 
1.9977 
1.0023 
1.9977 
1.0023 
1.9977 
1.0023 
1.9977 
1.0023 
1.9977 
1.0023 
1.9977 
1.0023 
1.9977 
1.0023 
1.9977 
1.0023 
1.9977 
1.0023 
1.9977 
1.0023 
1.9977 
1.0023 
1.9977 
1.0023 
1.9977 
1.0023 
1.9977 
1.0023 
1.9977 
1.0023 
1.9977 
1.0023 
1.9977 
1.0023 
1.9977 
1.0023 
1.9977 
1.0023 
1.9977 
1.0023 
1.9977 
1.0023 
1.9977 
1.0023 
1.9977 
1.0023 
1.9977 
1.0023 
1.9977 
1.0023 
1.9977 
1.0023 
1.9977 
1.0023 
1.9977 
1.0023 
1.9977 
1.0023 
1.9977 
1.0023 
1.9977 
1.0023 
1.9977 
1.0023 
1.9977 
1.0023 
1.9977 
1.0023 
1.9977 
1.0023 
1.9977 
1.0023 
1.9977 
1.0023 
1.9977 
1.0023 
1.9977 
1.0023 
1.9977 
1.0023 
1.9977 
1.0023 
1.9977 
1.0023 
1.9977 
1.0023 
1.9977 
1.0023 
1.9977 
1.0023 
1.9977 
1.0023 
1.9977 
1.0023 
1.9977 
1.0023 
1.9977 
1.0023 
1.9977 
1.0023 
1.9977 
1.0023 
1.9977 
1.0023 
1.9977 
1.0023 
1.9977 
1.0023 
1.9977 
1.0023 
1.9977 
1.0023 
1.9977 
1.0023 
1.9977 
1.0023 
1.99768 
1.00245 
1.99693 
1.00577 
1.98339 
1.05835 
1.78436 
1.80391 
