1.1932 
1.22056 
1.93551 
1.02325 
1.9875 
1.00973 
1.99095 
1.00887 
1.99117 
1.00882 
1.99118 
1.00882 
1.99118 
1.00882 
1.99118 
1.00882 
1.99118 
1.00882 
1.99118 
1.00882 
1.99118 
1.00882 
1.99118 
1.00882 
1.99118 
1.00882 
1.99118 
1.00882 
1.99118 
1.00882 
1.99118 
1.00882 
1.99118 
1.00882 
1.99118 
1.00882 
1.99118 
1.00882 
1.99118 
1.00882 
1.99118 
1.00882 
1.99118 
1.00882 
1.99118 
1.00882 
1.99118 
1.00882 
1.99118 
1.00882 
1.99118 
1.00882 
1.99118 
1.00882 
1.99118 
1.00882 
1.99118 
1.00882 
1.99118 
1.00882 
1.99118 
1.00882 
1.99118 
1.00882 
1.99118 
1.00882 
1.99118 
1.00882 
1.99118 
1.00882 
1.99118 
1.00882 
1.99118 
1.00882 
1.99118 
1.00882 
1.99118 
1.00882 
1.99118 
1.00882 
1.99118 
1.00882 
1.99118 
1.00882 
1.99118 
1.00882 
1.99118 
1.00882 
1.99118 
1.00882 
1.99118 
1.00882 
1.99118 
1.00882 
1.99118 
1.00882 
1.99118 
1.00882 
1.99118 
1.00882 
1.99118 
1.00882 
1.99118 
1.00882 
1.99118 
1.00882 
1.99118 
1.00882 
1.99118 
1.00882 
1.99118 
1.00882 
1.99118 
1.00882 
1.99118 
1.00882 
1.99118 
1.00882 
1.99118 
1.00882 
1.99118 
1.00882 
1.99118 
1.00882 
1.99118 
1.00882 
1.99118 
1.00882 
1.99118 
1.00882 
1.99118 
1.00882 
1.99118 
1.00882 
1.99118 
1.00882 
1.99118 
1.00882 
1.99118 
1.00882 
1.99118 
1.00882 
1.99118 
1.00882 
1.99118 
1.00882 
1.99118 
1.00882 
1.99118 
1.00882 
1.99118 
1.00882 
1.99118 
1.00882 
1.99118 
1.00882 
1.99118 
1.00882 
1.99118 
1.00882 
1.99118 
1.00882 
1.99118 
1.00882 
1.99118 
1.00882 
1.99118 
1.00882 
1.99118 
1.00882 
1.99118 
1.00882 
1.99118 
1.00882 
1.99118 
1.00882 
1.99118 
1.00882 
1.99118 
1.00882 
1.99118 
1.00882 
1.99118 
1.00882 
1.99118 
1.00882 
1.99118 
1.00882 
1.99118 
1.00882 
1.99118 
1.00882 
1.99118 
1.00882 
1.99118 
1.00882 
1.99117 
1.00887 
1.99078 
1.01118 
1.97939 
1.06037 
1.78402 
1.80365 
