1.18827 
1.2294 
1.92342 
1.03707 
1.97262 
1.02484 
1.97556 
1.02416 
1.97572 
1.02413 
1.97572 
1.02412 
1.97572 
1.02412 
1.97572 
1.02412 
1.97572 
1.02412 
1.97572 
1.02412 
1.97572 
1.02412 
1.97572 
1.02412 
1.97572 
1.02412 
1.97572 
1.02412 
1.97572 
1.02412 
1.97572 
1.02412 
1.97572 
1.02412 
1.97572 
1.02412 
1.97572 
1.02412 
1.97572 
1.02412 
1.97572 
1.02412 
1.97572 
1.02412 
1.97572 
1.02412 
1.97572 
1.02412 
1.97572 
1.02412 
1.97572 
1.02412 
1.97572 
1.02412 
1.97572 
1.02412 
1.97572 
1.02412 
1.97572 
1.02412 
1.97572 
1.02412 
1.97572 
1.02412 
1.97572 
1.02412 
1.97572 
1.02412 
1.97572 
1.02412 
1.97572 
1.02412 
1.97572 
1.02412 
1.97572 
1.02412 
1.97572 
1.02412 
1.97572 
1.02412 
1.97572 
1.02412 
1.97572 
1.02412 
1.97572 
1.02412 
1.97572 
1.02412 
1.97572 
1.02412 
1.97572 
1.02412 
1.97572 
1.02412 
1.97572 
1.02412 
1.97572 
1.02412 
1.97572 
1.02412 
1.97572 
1.02412 
1.97572 
1.02412 
1.97572 
1.02412 
1.97572 
1.02412 
1.97572 
1.02412 
1.97572 
1.02412 
1.97572 
1.02412 
1.97572 
1.02412 
1.97572 
1.02412 
1.97572 
1.02412 
1.97572 
1.02412 
1.97572 
1.02412 
1.97572 
1.02412 
1.97572 
1.02412 
1.97572 
1.02412 
1.97572 
1.02412 
1.97572 
1.02412 
1.97572 
1.02412 
1.97572 
1.02412 
1.97572 
1.02412 
1.97572 
1.02412 
1.97572 
1.02412 
1.97572 
1.02412 
1.97572 
1.02412 
1.97572 
1.02412 
1.97572 
1.02412 
1.97572 
1.02412 
1.97572 
1.02412 
1.97572 
1.02412 
1.97572 
1.02412 
1.97572 
1.02412 
1.97572 
1.02412 
1.97572 
1.02412 
1.97572 
1.02412 
1.97572 
1.02412 
1.97572 
1.02412 
1.97572 
1.02412 
1.97572 
1.02412 
1.97572 
1.02412 
1.97572 
1.02412 
1.97572 
1.02412 
1.97572 
1.02412 
1.97572 
1.02412 
1.97572 
1.02412 
1.97572 
1.02412 
1.97572 
1.02412 
1.97572 
1.02412 
1.97572 
1.02412 
1.97572 
1.02413 
1.97561 
1.02523 
1.96803 
1.06618 
1.78411 
1.8012 
