1.19595 
1.21574 
1.94184 
1.01598 
1.9953 
1.00169 
1.99911 
1.00067 
1.99938 
1.0006 
1.9994 
1.0006 
1.9994 
1.0006 
1.9994 
1.0006 
1.9994 
1.0006 
1.9994 
1.0006 
1.9994 
1.0006 
1.9994 
1.0006 
1.9994 
1.0006 
1.9994 
1.0006 
1.9994 
1.0006 
1.9994 
1.0006 
1.9994 
1.0006 
1.9994 
1.0006 
1.9994 
1.0006 
1.9994 
1.0006 
1.9994 
1.0006 
1.9994 
1.0006 
1.9994 
1.0006 
1.9994 
1.0006 
1.9994 
1.0006 
1.9994 
1.0006 
1.9994 
1.0006 
1.9994 
1.0006 
1.9994 
1.0006 
1.9994 
1.0006 
1.9994 
1.0006 
1.9994 
1.0006 
1.9994 
1.0006 
1.9994 
1.0006 
1.9994 
1.0006 
1.9994 
1.0006 
1.9994 
1.0006 
1.9994 
1.0006 
1.9994 
1.0006 
1.9994 
1.0006 
1.9994 
1.0006 
1.9994 
1.0006 
1.9994 
1.0006 
1.9994 
1.0006 
1.9994 
1.0006 
1.9994 
1.0006 
1.9994 
1.0006 
1.9994 
1.0006 
1.9994 
1.0006 
1.9994 
1.0006 
1.9994 
1.0006 
1.9994 
1.0006 
1.9994 
1.0006 
1.9994 
1.0006 
1.9994 
1.0006 
1.9994 
1.0006 
1.9994 
1.0006 
1.9994 
1.0006 
1.9994 
1.0006 
1.9994 
1.0006 
1.9994 
1.0006 
1.9994 
1.0006 
1.9994 
1.0006 
1.9994 
1.0006 
1.9994 
1.0006 
1.9994 
1.0006 
1.9994 
1.0006 
1.9994 
1.0006 
1.9994 
1.0006 
1.9994 
1.0006 
1.9994 
1.0006 
1.9994 
1.0006 
1.9994 
1.0006 
1.9994 
1.0006 
1.9994 
1.0006 
1.9994 
1.0006 
1.9994 
1.0006 
1.9994 
1.0006 
1.9994 
1.0006 
1.9994 
1.0006 
1.9994 
1.0006 
1.9994 
1.0006 
1.9994 
1.0006 
1.9994 
1.0006 
1.9994 
1.0006 
1.9994 
1.0006 
1.9994 
1.0006 
1.9994 
1.0006 
1.9994 
1.0006 
1.9994 
1.0006 
1.9994 
1.0006 
1.9994 
1.0006 
1.9994 
1.0006 
1.9994 
1.0006 
1.9994 
1.0006 
1.9994 
1.0006 
1.9994 
1.0006 
1.9994 
1.00061 
1.99935 
1.00083 
1.99842 
1.00452 
1.98427 
1.05787 
1.78453 
1.80387 
