1.19046 
1.22546 
1.92889 
1.03085 
1.97935 
1.01806 
1.9825 
1.0173 
1.98268 
1.01726 
1.98269 
1.01726 
1.98269 
1.01726 
1.98269 
1.01726 
1.98269 
1.01726 
1.98269 
1.01726 
1.98269 
1.01726 
1.98269 
1.01726 
1.98269 
1.01726 
1.98269 
1.01726 
1.98269 
1.01726 
1.98269 
1.01726 
1.98269 
1.01726 
1.98269 
1.01726 
1.98269 
1.01726 
1.98269 
1.01726 
1.98269 
1.01726 
1.98269 
1.01726 
1.98269 
1.01726 
1.98269 
1.01726 
1.98269 
1.01726 
1.98269 
1.01726 
1.98269 
1.01726 
1.98269 
1.01726 
1.98269 
1.01726 
1.98269 
1.01726 
1.98269 
1.01726 
1.98269 
1.01726 
1.98269 
1.01726 
1.98269 
1.01726 
1.98269 
1.01726 
1.98269 
1.01726 
1.98269 
1.01726 
1.98269 
1.01726 
1.98269 
1.01726 
1.98269 
1.01726 
1.98269 
1.01726 
1.98269 
1.01726 
1.98269 
1.01726 
1.98269 
1.01726 
1.98269 
1.01726 
1.98269 
1.01726 
1.98269 
1.01726 
1.98269 
1.01726 
1.98269 
1.01726 
1.98269 
1.01726 
1.98269 
1.01726 
1.98269 
1.01726 
1.98269 
1.01726 
1.98269 
1.01726 
1.98269 
1.01726 
1.98269 
1.01726 
1.98269 
1.01726 
1.98269 
1.01726 
1.98269 
1.01726 
1.98269 
1.01726 
1.98269 
1.01726 
1.98269 
1.01726 
1.98269 
1.01726 
1.98269 
1.01726 
1.98269 
1.01726 
1.98269 
1.01726 
1.98269 
1.01726 
1.98269 
1.01726 
1.98269 
1.01726 
1.98269 
1.01726 
1.98269 
1.01726 
1.98269 
1.01726 
1.98269 
1.01726 
1.98269 
1.01726 
1.98269 
1.01726 
1.98269 
1.01726 
1.98269 
1.01726 
1.98269 
1.01726 
1.98269 
1.01726 
1.98269 
1.01726 
1.98269 
1.01726 
1.98269 
1.01726 
1.98269 
1.01726 
1.98269 
1.01726 
1.98269 
1.01726 
1.98269 
1.01726 
1.98269 
1.01726 
1.98269 
1.01726 
1.98269 
1.01726 
1.98269 
1.01726 
1.98269 
1.01726 
1.98269 
1.01726 
1.98269 
1.01726 
1.98269 
1.01726 
1.98269 
1.01726 
1.98269 
1.01726 
1.98269 
1.01726 
1.98269 
1.01726 
1.98269 
1.01728 
1.98249 
1.0188 
1.97339 
1.0634 
1.78398 
1.8026 
