1.19611 
1.21545 
1.9422 
1.01556 
1.99575 
1.00122 
1.99959 
1.00019 
1.99987 
1.00012 
1.99989 
1.00011 
1.99989 
1.00011 
1.99989 
1.00011 
1.99989 
1.00011 
1.99989 
1.00011 
1.99989 
1.00011 
1.99989 
1.00011 
1.99989 
1.00011 
1.99989 
1.00011 
1.99989 
1.00011 
1.99989 
1.00011 
1.99989 
1.00011 
1.99989 
1.00011 
1.99989 
1.00011 
1.99989 
1.00011 
1.99989 
1.00011 
1.99989 
1.00011 
1.99989 
1.00011 
1.99989 
1.00011 
1.99989 
1.00011 
1.99989 
1.00011 
1.99989 
1.00011 
1.99989 
1.00011 
1.99989 
1.00011 
1.99989 
1.00011 
1.99989 
1.00011 
1.99989 
1.00011 
1.99989 
1.00011 
1.99989 
1.00011 
1.99989 
1.00011 
1.99989 
1.00011 
1.99989 
1.00011 
1.99989 
1.00011 
1.99989 
1.00011 
1.99989 
1.00011 
1.99989 
1.00011 
1.99989 
1.00011 
1.99989 
1.00011 
1.99989 
1.00011 
1.99989 
1.00011 
1.99989 
1.00011 
1.99989 
1.00011 
1.99989 
1.00011 
1.99989 
1.00011 
1.99989 
1.00011 
1.99989 
1.00011 
1.99989 
1.00011 
1.99989 
1.00011 
1.99989 
1.00011 
1.99989 
1.00011 
1.99989 
1.00011 
1.99989 
1.00011 
1.99989 
1.00011 
1.99989 
1.00011 
1.99989 
1.00011 
1.99989 
1.00011 
1.99989 
1.00011 
1.99989 
1.00011 
1.99989 
1.00011 
1.99989 
1.00011 
1.99989 
1.00011 
1.99989 
1.00011 
1.99989 
1.00011 
1.99989 
1.00011 
1.99989 
1.00011 
1.99989 
1.00011 
1.99989 
1.00011 
1.99989 
1.00011 
1.99989 
1.00011 
1.99989 
1.00011 
1.99989 
1.00011 
1.99989 
1.00011 
1.99989 
1.00011 
1.99989 
1.00011 
1.99989 
1.00011 
1.99989 
1.00011 
1.99989 
1.00011 
1.99989 
1.00011 
1.99989 
1.00011 
1.99989 
1.00011 
1.99989 
1.00011 
1.99989 
1.00011 
1.99989 
1.00011 
1.99989 
1.00011 
1.99989 
1.00011 
1.99989 
1.00011 
1.99989 
1.00011 
1.99989 
1.00011 
1.99989 
1.00011 
1.99989 
1.00011 
1.99989 
1.00011 
1.99989 
1.00011 
1.99989 
1.00013 
1.99982 
1.00039 
1.99881 
1.00421 
1.98449 
1.05774 
1.78459 
1.80385 
