1.19613 
1.21542 
1.94224 
1.01551 
1.9958 
1.00116 
1.99965 
1.00014 
1.99992 
1.00006 
1.99994 
1.00006 
1.99994 
1.00006 
1.99994 
1.00006 
1.99994 
1.00006 
1.99994 
1.00006 
1.99994 
1.00006 
1.99994 
1.00006 
1.99994 
1.00006 
1.99994 
1.00006 
1.99994 
1.00006 
1.99994 
1.00006 
1.99994 
1.00006 
1.99994 
1.00006 
1.99994 
1.00006 
1.99994 
1.00006 
1.99994 
1.00006 
1.99994 
1.00006 
1.99994 
1.00006 
1.99994 
1.00006 
1.99994 
1.00006 
1.99994 
1.00006 
1.99994 
1.00006 
1.99994 
1.00006 
1.99994 
1.00006 
1.99994 
1.00006 
1.99994 
1.00006 
1.99994 
1.00006 
1.99994 
1.00006 
1.99994 
1.00006 
1.99994 
1.00006 
1.99994 
1.00006 
1.99994 
1.00006 
1.99994 
1.00006 
1.99994 
1.00006 
1.99994 
1.00006 
1.99994 
1.00006 
1.99994 
1.00006 
1.99994 
1.00006 
1.99994 
1.00006 
1.99994 
1.00006 
1.99994 
1.00006 
1.99994 
1.00006 
1.99994 
1.00006 
1.99994 
1.00006 
1.99994 
1.00006 
1.99994 
1.00006 
1.99994 
1.00006 
1.99994 
1.00006 
1.99994 
1.00006 
1.99994 
1.00006 
1.99994 
1.00006 
1.99994 
1.00006 
1.99994 
1.00006 
1.99994 
1.00006 
1.99994 
1.00006 
1.99994 
1.00006 
1.99994 
1.00006 
1.99994 
1.00006 
1.99994 
1.00006 
1.99994 
1.00006 
1.99994 
1.00006 
1.99994 
1.00006 
1.99994 
1.00006 
1.99994 
1.00006 
1.99994 
1.00006 
1.99994 
1.00006 
1.99994 
1.00006 
1.99994 
1.00006 
1.99994 
1.00006 
1.99994 
1.00006 
1.99994 
1.00006 
1.99994 
1.00006 
1.99994 
1.00006 
1.99994 
1.00006 
1.99994 
1.00006 
1.99994 
1.00006 
1.99994 
1.00006 
1.99994 
1.00006 
1.99994 
1.00006 
1.99994 
1.00006 
1.99994 
1.00006 
1.99994 
1.00006 
1.99994 
1.00006 
1.99994 
1.00006 
1.99994 
1.00006 
1.99994 
1.00006 
1.99994 
1.00006 
1.99994 
1.00006 
1.99994 
1.00006 
1.99994 
1.00006 
1.99994 
1.00006 
1.99994 
1.00006 
1.99994 
1.00008 
1.99987 
1.00034 
1.99885 
1.00417 
1.98451 
1.05773 
1.7846 
1.80385 
