1.14659 
1.26866 
1.819 
1.11788 
1.85018 
1.11184 
1.85129 
1.11164 
1.85133 
1.11164 
1.85133 
1.11164 
1.85133 
1.11164 
1.85133 
1.11164 
1.85133 
1.11164 
1.85133 
1.11164 
1.85133 
1.11164 
1.85133 
1.11164 
1.85133 
1.11164 
1.85133 
1.11164 
1.85133 
1.11164 
1.85133 
1.11164 
1.85133 
1.11164 
1.85133 
1.11164 
1.85133 
1.11164 
1.85133 
1.11164 
1.85133 
1.11164 
1.85133 
1.11164 
1.85133 
1.11164 
1.85133 
1.11164 
1.85133 
1.11164 
1.85133 
1.11164 
1.85133 
1.11164 
1.85133 
1.11164 
1.85133 
1.11164 
1.85133 
1.11164 
1.85133 
1.11164 
1.85133 
1.11164 
1.85133 
1.11164 
1.85133 
1.11164 
1.85133 
1.11164 
1.85133 
1.11164 
1.85133 
1.11164 
1.85133 
1.11164 
1.85133 
1.11164 
1.85133 
1.11164 
1.85133 
1.11164 
1.85133 
1.11164 
1.85133 
1.11164 
1.85133 
1.11164 
1.85133 
1.11164 
1.85133 
1.11164 
1.85133 
1.11164 
1.85133 
1.11164 
1.85133 
1.11164 
1.85133 
1.11164 
1.85133 
1.11164 
1.85133 
1.11164 
1.85133 
1.11164 
1.85133 
1.11164 
1.85133 
1.11164 
1.85133 
1.11164 
1.85133 
1.11164 
1.85133 
1.11164 
1.85133 
1.11164 
1.85133 
1.11164 
1.85133 
1.11164 
1.85133 
1.11164 
1.85133 
1.11164 
1.85133 
1.11164 
1.85133 
1.11164 
1.85133 
1.11164 
1.85133 
1.11164 
1.85133 
1.11164 
1.85133 
1.11164 
1.85133 
1.11164 
1.85133 
1.11164 
1.85133 
1.11164 
1.85133 
1.11164 
1.85133 
1.11164 
1.85133 
1.11164 
1.85133 
1.11164 
1.85133 
1.11164 
1.85133 
1.11164 
1.85133 
1.11164 
1.85133 
1.11164 
1.85133 
1.11164 
1.85133 
1.11164 
1.85133 
1.11164 
1.85133 
1.11164 
1.85133 
1.11164 
1.85133 
1.11164 
1.85133 
1.11164 
1.85133 
1.11164 
1.85133 
1.11164 
1.85133 
1.11164 
1.85133 
1.11164 
1.85133 
1.11164 
1.85133 
1.11164 
1.85133 
1.11164 
1.85133 
1.11164 
1.85133 
1.11164 
1.85133 
1.11164 
1.85133 
1.11164 
1.85133 
1.11164 
1.85133 
1.11164 
1.85108 
1.11884 
1.7638 
1.71517 
