1.19205 
1.22261 
1.93276 
1.02641 
1.98412 
1.0132 
1.98744 
1.01239 
1.98763 
1.01234 
1.98764 
1.01234 
1.98764 
1.01234 
1.98764 
1.01234 
1.98764 
1.01234 
1.98764 
1.01234 
1.98764 
1.01234 
1.98764 
1.01234 
1.98764 
1.01234 
1.98764 
1.01234 
1.98764 
1.01234 
1.98764 
1.01234 
1.98764 
1.01234 
1.98764 
1.01234 
1.98764 
1.01234 
1.98764 
1.01234 
1.98764 
1.01234 
1.98764 
1.01234 
1.98764 
1.01234 
1.98764 
1.01234 
1.98764 
1.01234 
1.98764 
1.01234 
1.98764 
1.01234 
1.98764 
1.01234 
1.98764 
1.01234 
1.98764 
1.01234 
1.98764 
1.01234 
1.98764 
1.01234 
1.98764 
1.01234 
1.98764 
1.01234 
1.98764 
1.01234 
1.98764 
1.01234 
1.98764 
1.01234 
1.98764 
1.01234 
1.98764 
1.01234 
1.98764 
1.01234 
1.98764 
1.01234 
1.98764 
1.01234 
1.98764 
1.01234 
1.98764 
1.01234 
1.98764 
1.01234 
1.98764 
1.01234 
1.98764 
1.01234 
1.98764 
1.01234 
1.98764 
1.01234 
1.98764 
1.01234 
1.98764 
1.01234 
1.98764 
1.01234 
1.98764 
1.01234 
1.98764 
1.01234 
1.98764 
1.01234 
1.98764 
1.01234 
1.98764 
1.01234 
1.98764 
1.01234 
1.98764 
1.01234 
1.98764 
1.01234 
1.98764 
1.01234 
1.98764 
1.01234 
1.98764 
1.01234 
1.98764 
1.01234 
1.98764 
1.01234 
1.98764 
1.01234 
1.98764 
1.01234 
1.98764 
1.01234 
1.98764 
1.01234 
1.98764 
1.01234 
1.98764 
1.01234 
1.98764 
1.01234 
1.98764 
1.01234 
1.98764 
1.01234 
1.98764 
1.01234 
1.98764 
1.01234 
1.98764 
1.01234 
1.98764 
1.01234 
1.98764 
1.01234 
1.98764 
1.01234 
1.98764 
1.01234 
1.98764 
1.01234 
1.98764 
1.01234 
1.98764 
1.01234 
1.98764 
1.01234 
1.98764 
1.01234 
1.98764 
1.01234 
1.98764 
1.01234 
1.98764 
1.01234 
1.98764 
1.01234 
1.98764 
1.01234 
1.98764 
1.01234 
1.98764 
1.01234 
1.98764 
1.01234 
1.98764 
1.01234 
1.98764 
1.01234 
1.98764 
1.01234 
1.98764 
1.01234 
1.98764 
1.01237 
1.98735 
1.01431 
1.97698 
1.06158 
1.78397 
1.80331 
