1.19463 
1.21803 
1.93885 
1.01941 
1.99162 
1.00549 
1.99525 
1.00456 
1.99549 
1.0045 
1.9955 
1.0045 
1.9955 
1.0045 
1.9955 
1.0045 
1.9955 
1.0045 
1.9955 
1.0045 
1.9955 
1.0045 
1.9955 
1.0045 
1.9955 
1.0045 
1.9955 
1.0045 
1.9955 
1.0045 
1.9955 
1.0045 
1.9955 
1.0045 
1.9955 
1.0045 
1.9955 
1.0045 
1.9955 
1.0045 
1.9955 
1.0045 
1.9955 
1.0045 
1.9955 
1.0045 
1.9955 
1.0045 
1.9955 
1.0045 
1.9955 
1.0045 
1.9955 
1.0045 
1.9955 
1.0045 
1.9955 
1.0045 
1.9955 
1.0045 
1.9955 
1.0045 
1.9955 
1.0045 
1.9955 
1.0045 
1.9955 
1.0045 
1.9955 
1.0045 
1.9955 
1.0045 
1.9955 
1.0045 
1.9955 
1.0045 
1.9955 
1.0045 
1.9955 
1.0045 
1.9955 
1.0045 
1.9955 
1.0045 
1.9955 
1.0045 
1.9955 
1.0045 
1.9955 
1.0045 
1.9955 
1.0045 
1.9955 
1.0045 
1.9955 
1.0045 
1.9955 
1.0045 
1.9955 
1.0045 
1.9955 
1.0045 
1.9955 
1.0045 
1.9955 
1.0045 
1.9955 
1.0045 
1.9955 
1.0045 
1.9955 
1.0045 
1.9955 
1.0045 
1.9955 
1.0045 
1.9955 
1.0045 
1.9955 
1.0045 
1.9955 
1.0045 
1.9955 
1.0045 
1.9955 
1.0045 
1.9955 
1.0045 
1.9955 
1.0045 
1.9955 
1.0045 
1.9955 
1.0045 
1.9955 
1.0045 
1.9955 
1.0045 
1.9955 
1.0045 
1.9955 
1.0045 
1.9955 
1.0045 
1.9955 
1.0045 
1.9955 
1.0045 
1.9955 
1.0045 
1.9955 
1.0045 
1.9955 
1.0045 
1.9955 
1.0045 
1.9955 
1.0045 
1.9955 
1.0045 
1.9955 
1.0045 
1.9955 
1.0045 
1.9955 
1.0045 
1.9955 
1.0045 
1.9955 
1.0045 
1.9955 
1.0045 
1.9955 
1.0045 
1.9955 
1.0045 
1.9955 
1.0045 
1.9955 
1.0045 
1.9955 
1.0045 
1.9955 
1.0045 
1.9955 
1.0045 
1.9955 
1.0045 
1.9955 
1.0045 
1.9955 
1.0045 
1.9955 
1.0045 
1.9955 
1.0045 
1.99548 
1.0046 
1.99489 
1.00752 
1.98213 
1.059 
1.7842 
1.80388 
