1.01172 
1.18457 
1.56305 
1.09073 
1.5779 
1.08848 
1.57822 
1.08844 
1.57823 
1.08844 
1.57823 
1.08844 
1.57823 
1.08844 
1.57823 
1.08844 
1.57823 
1.08844 
1.57823 
1.08844 
1.57823 
1.08844 
1.57823 
1.08844 
1.57823 
1.08844 
1.57823 
1.08844 
1.57823 
1.08844 
1.57823 
1.08844 
1.57823 
1.08844 
1.57823 
1.08844 
1.57823 
1.08844 
1.57823 
1.08844 
1.57823 
1.08844 
1.57823 
1.08844 
1.57823 
1.08844 
1.57823 
1.08844 
1.57823 
1.08844 
1.57823 
1.08844 
1.57823 
1.08844 
1.57823 
1.08844 
1.57823 
1.08844 
1.57823 
1.08844 
1.57823 
1.08844 
1.57823 
1.08844 
1.57823 
1.08844 
1.57823 
1.08844 
1.57823 
1.08844 
1.57823 
1.08844 
1.57823 
1.08844 
1.57823 
1.08844 
1.57823 
1.08844 
1.57823 
1.08844 
1.57823 
1.08844 
1.57823 
1.08844 
1.57823 
1.08844 
1.57823 
1.08844 
1.57823 
1.08844 
1.57823 
1.08844 
1.57823 
1.08844 
1.57823 
1.08844 
1.57823 
1.08844 
1.57823 
1.08844 
1.57823 
1.08844 
1.57823 
1.08844 
1.57823 
1.08844 
1.57823 
1.08844 
1.57823 
1.08844 
1.57823 
1.08844 
1.57823 
1.08844 
1.57823 
1.08844 
1.57823 
1.08844 
1.57823 
1.08844 
1.57823 
1.08844 
1.57823 
1.08844 
1.57823 
1.08844 
1.57823 
1.08844 
1.57823 
1.08844 
1.57823 
1.08844 
1.57823 
1.08844 
1.57823 
1.08844 
1.57823 
1.08844 
1.57823 
1.08844 
1.57823 
1.08844 
1.57823 
1.08844 
1.57823 
1.08844 
1.57823 
1.08844 
1.57823 
1.08844 
1.57823 
1.08844 
1.57823 
1.08844 
1.57823 
1.08844 
1.57823 
1.08844 
1.57823 
1.08844 
1.57823 
1.08844 
1.57823 
1.08844 
1.57823 
1.08844 
1.57823 
1.08844 
1.57823 
1.08844 
1.57823 
1.08844 
1.57823 
1.08844 
1.57823 
1.08844 
1.57823 
1.08844 
1.57823 
1.08844 
1.57823 
1.08844 
1.57823 
1.08844 
1.57823 
1.08844 
1.57823 
1.08844 
1.57823 
1.08844 
1.57823 
1.08844 
1.57823 
1.08844 
1.57823 
1.08844 
1.57823 
1.08844 
1.57823 
1.08844 
1.57823 
1.08844 
1.56261 
1.42075 
