1.18096 
1.24195 
1.9044 
1.0578 
1.94942 
1.04727 
1.95177 
1.04677 
1.95188 
1.04675 
1.95188 
1.04675 
1.95188 
1.04675 
1.95188 
1.04675 
1.95188 
1.04675 
1.95188 
1.04675 
1.95188 
1.04675 
1.95188 
1.04675 
1.95188 
1.04675 
1.95188 
1.04675 
1.95188 
1.04675 
1.95188 
1.04675 
1.95188 
1.04675 
1.95188 
1.04675 
1.95188 
1.04675 
1.95188 
1.04675 
1.95188 
1.04675 
1.95188 
1.04675 
1.95188 
1.04675 
1.95188 
1.04675 
1.95188 
1.04675 
1.95188 
1.04675 
1.95188 
1.04675 
1.95188 
1.04675 
1.95188 
1.04675 
1.95188 
1.04675 
1.95188 
1.04675 
1.95188 
1.04675 
1.95188 
1.04675 
1.95188 
1.04675 
1.95188 
1.04675 
1.95188 
1.04675 
1.95188 
1.04675 
1.95188 
1.04675 
1.95188 
1.04675 
1.95188 
1.04675 
1.95188 
1.04675 
1.95188 
1.04675 
1.95188 
1.04675 
1.95188 
1.04675 
1.95188 
1.04675 
1.95188 
1.04675 
1.95188 
1.04675 
1.95188 
1.04675 
1.95188 
1.04675 
1.95188 
1.04675 
1.95188 
1.04675 
1.95188 
1.04675 
1.95188 
1.04675 
1.95188 
1.04675 
1.95188 
1.04675 
1.95188 
1.04675 
1.95188 
1.04675 
1.95188 
1.04675 
1.95188 
1.04675 
1.95188 
1.04675 
1.95188 
1.04675 
1.95188 
1.04675 
1.95188 
1.04675 
1.95188 
1.04675 
1.95188 
1.04675 
1.95188 
1.04675 
1.95188 
1.04675 
1.95188 
1.04675 
1.95188 
1.04675 
1.95188 
1.04675 
1.95188 
1.04675 
1.95188 
1.04675 
1.95188 
1.04675 
1.95188 
1.04675 
1.95188 
1.04675 
1.95188 
1.04675 
1.95188 
1.04675 
1.95188 
1.04675 
1.95188 
1.04675 
1.95188 
1.04675 
1.95188 
1.04675 
1.95188 
1.04675 
1.95188 
1.04675 
1.95188 
1.04675 
1.95188 
1.04675 
1.95188 
1.04675 
1.95188 
1.04675 
1.95188 
1.04675 
1.95188 
1.04675 
1.95188 
1.04675 
1.95188 
1.04675 
1.95188 
1.04675 
1.95188 
1.04675 
1.95188 
1.04675 
1.95188 
1.04675 
1.95188 
1.04675 
1.95188 
1.04675 
1.95188 
1.04675 
1.95188 
1.04675 
1.95186 
1.04712 
1.94781 
1.07708 
1.78461 
1.79295 
