-1 0.5
-0.998047 0.500978
-0.996094 0.501957
-0.994141 0.502938
-0.992188 0.503922
-0.990234 0.504907
-0.988281 0.505894
-0.986328 0.506883
-0.984375 0.507874
-0.982422 0.508866
-0.980469 0.509861
-0.978516 0.510858
-0.976562 0.511856
-0.974609 0.512856
-0.972656 0.513859
-0.970703 0.514863
-0.96875 0.515869
-0.966797 0.516877
-0.964844 0.517887
-0.962891 0.518899
-0.960938 0.519912
-0.958984 0.520928
-0.957031 0.521946
-0.955078 0.522965
-0.953125 0.523986
-0.951172 0.525009
-0.949219 0.526034
-0.947266 0.527061
-0.945312 0.52809
-0.943359 0.529121
-0.941406 0.530154
-0.939453 0.531188
-0.9375 0.532225
-0.935547 0.533263
-0.933594 0.534303
-0.931641 0.535345
-0.929688 0.536389
-0.927734 0.537435
-0.925781 0.538482
-0.923828 0.539532
-0.921875 0.540583
-0.919922 0.541637
-0.917969 0.542692
-0.916016 0.543749
-0.914062 0.544808
-0.912109 0.545868
-0.910156 0.546931
-0.908203 0.547995
-0.90625 0.549062
-0.904297 0.55013
-0.902344 0.5512
-0.900391 0.552272
-0.898438 0.553345
-0.896484 0.554421
-0.894531 0.555498
-0.892578 0.556577
-0.890625 0.557658
-0.888672 0.558741
-0.886719 0.559826
-0.884766 0.560912
-0.882812 0.562
-0.880859 0.563091
-0.878906 0.564182
-0.876953 0.565276
-0.875 0.566372
-0.873047 0.567469
-0.871094 0.568568
-0.869141 0.569669
-0.867188 0.570772
-0.865234 0.571876
-0.863281 0.572982
-0.861328 0.57409
-0.859375 0.5752
-0.857422 0.576312
-0.855469 0.577425
-0.853516 0.57854
-0.851562 0.579657
-0.849609 0.580775
-0.847656 0.581896
-0.845703 0.583018
-0.84375 0.584141
-0.841797 0.585267
-0.839844 0.586394
-0.837891 0.587523
-0.835938 0.588654
-0.833984 0.589786
-0.832031 0.59092
-0.830078 0.592056
-0.828125 0.593193
-0.826172 0.594332
-0.824219 0.595473
-0.822266 0.596616
-0.820312 0.59776
-0.818359 0.598906
-0.816406 0.600053
-0.814453 0.601202
-0.8125 0.602353
-0.810547 0.603505
-0.808594 0.604659
-0.806641 0.605815
-0.804688 0.606972
-0.802734 0.608131
-0.800781 0.609291
-0.798828 0.610454
-0.796875 0.611617
-0.794922 0.612782
-0.792969 0.613949
-0.791016 0.615117
-0.789062 0.616287
-0.787109 0.617459
-0.785156 0.618632
-0.783203 0.619806
-0.78125 0.620982
-0.779297 0.62216
-0.777344 0.623339
-0.775391 0.62452
-0.773438 0.625702
-0.771484 0.626885
-0.769531 0.62807
-0.767578 0.629257
-0.765625 0.630445
-0.763672 0.631634
-0.761719 0.632825
-0.759766 0.634017
-0.757812 0.635211
-0.755859 0.636406
-0.753906 0.637603
-0.751953 0.638801
-0.75 0.64
-0.748047 0.641201
-0.746094 0.642403
-0.744141 0.643606
-0.742188 0.644811
-0.740234 0.646017
-0.738281 0.647224
-0.736328 0.648433
-0.734375 0.649643
-0.732422 0.650854
-0.730469 0.652067
-0.728516 0.653281
-0.726562 0.654496
-0.724609 0.655712
-0.722656 0.65693
-0.720703 0.658149
-0.71875 0.659369
-0.716797 0.66059
-0.714844 0.661813
-0.712891 0.663036
-0.710938 0.664261
-0.708984 0.665487
-0.707031 0.666714
-0.705078 0.667942
-0.703125 0.669172
-0.701172 0.670402
-0.699219 0.671634
-0.697266 0.672866
-0.695312 0.6741
-0.693359 0.675335
-0.691406 0.67657
-0.689453 0.677807
-0.6875 0.679045
-0.685547 0.680284
-0.683594 0.681524
-0.681641 0.682764
-0.679688 0.684006
-0.677734 0.685249
-0.675781 0.686492
-0.673828 0.687737
-0.671875 0.688982
-0.669922 0.690229
-0.667969 0.691476
-0.666016 0.692724
-0.664062 0.693973
-0.662109 0.695222
-0.660156 0.696473
-0.658203 0.697724
-0.65625 0.698976
-0.654297 0.700229
-0.652344 0.701482
-0.650391 0.702737
-0.648438 0.703992
-0.646484 0.705247
-0.644531 0.706504
-0.642578 0.707761
-0.640625 0.709019
-0.638672 0.710277
-0.636719 0.711536
-0.634766 0.712795
-0.632812 0.714055
-0.630859 0.715316
-0.628906 0.716577
-0.626953 0.717839
-0.625 0.719101
-0.623047 0.720364
-0.621094 0.721627
-0.619141 0.722891
-0.617188 0.724155
-0.615234 0.725419
-0.613281 0.726684
-0.611328 0.727949
-0.609375 0.729215
-0.607422 0.730481
-0.605469 0.731747
-0.603516 0.733014
-0.601562 0.73428
-0.599609 0.735548
-0.597656 0.736815
-0.595703 0.738082
-0.59375 0.73935
-0.591797 0.740618
-0.589844 0.741886
-0.587891 0.743154
-0.585938 0.744423
-0.583984 0.745691
-0.582031 0.74696
-0.580078 0.748228
-0.578125 0.749497
-0.576172 0.750765
-0.574219 0.752034
-0.572266 0.753303
-0.570312 0.754571
-0.568359 0.755839
-0.566406 0.757108
-0.564453 0.758376
-0.5625 0.759644
-0.560547 0.760912
-0.558594 0.762179
-0.556641 0.763447
-0.554688 0.764714
-0.552734 0.765981
-0.550781 0.767248
-0.548828 0.768514
-0.546875 0.76978
-0.544922 0.771046
-0.542969 0.772311
-0.541016 0.773576
-0.539062 0.77484
-0.537109 0.776104
-0.535156 0.777368
-0.533203 0.778631
-0.53125 0.779893
-0.529297 0.781155
-0.527344 0.782417
-0.525391 0.783677
-0.523438 0.784937
-0.521484 0.786197
-0.519531 0.787456
-0.517578 0.788714
-0.515625 0.789971
-0.513672 0.791228
-0.511719 0.792483
-0.509766 0.793738
-0.507812 0.794992
-0.505859 0.796246
-0.503906 0.797498
-0.501953 0.79875
-0.5 0.8
-0.498047 0.80125
-0.496094 0.802498
-0.494141 0.803745
-0.492188 0.804992
-0.490234 0.806237
-0.488281 0.807481
-0.486328 0.808724
-0.484375 0.809966
-0.482422 0.811207
-0.480469 0.812447
-0.478516 0.813685
-0.476562 0.814922
-0.474609 0.816157
-0.472656 0.817392
-0.470703 0.818624
-0.46875 0.819856
-0.466797 0.821086
-0.464844 0.822315
-0.462891 0.823542
-0.460938 0.824767
-0.458984 0.825991
-0.457031 0.827214
-0.455078 0.828434
-0.453125 0.829654
-0.451172 0.830871
-0.449219 0.832087
-0.447266 0.833301
-0.445312 0.834513
-0.443359 0.835724
-0.441406 0.836933
-0.439453 0.838139
-0.4375 0.839344
-0.435547 0.840547
-0.433594 0.841748
-0.431641 0.842947
-0.429688 0.844144
-0.427734 0.845339
-0.425781 0.846532
-0.423828 0.847723
-0.421875 0.848912
-0.419922 0.850098
-0.417969 0.851283
-0.416016 0.852465
-0.414062 0.853645
-0.412109 0.854822
-0.410156 0.855997
-0.408203 0.85717
-0.40625 0.85834
-0.404297 0.859508
-0.402344 0.860674
-0.400391 0.861837
-0.398438 0.862997
-0.396484 0.864155
-0.394531 0.86531
-0.392578 0.866463
-0.390625 0.867613
-0.388672 0.86876
-0.386719 0.869905
-0.384766 0.871046
-0.382812 0.872185
-0.380859 0.873321
-0.378906 0.874455
-0.376953 0.875585
-0.375 0.876712
-0.373047 0.877837
-0.371094 0.878958
-0.369141 0.880077
-0.367188 0.881192
-0.365234 0.882304
-0.363281 0.883413
-0.361328 0.884519
-0.359375 0.885622
-0.357422 0.886721
-0.355469 0.887817
-0.353516 0.88891
-0.351562 0.889999
-0.349609 0.891086
-0.347656 0.892168
-0.345703 0.893247
-0.34375 0.894323
-0.341797 0.895395
-0.339844 0.896464
-0.337891 0.897529
-0.335938 0.89859
-0.333984 0.899648
-0.332031 0.900702
-0.330078 0.901753
-0.328125 0.902799
-0.326172 0.903842
-0.324219 0.904881
-0.322266 0.905916
-0.320312 0.906947
-0.318359 0.907974
-0.316406 0.908998
-0.314453 0.910017
-0.3125 0.911032
-0.310547 0.912043
-0.308594 0.91305
-0.306641 0.914053
-0.304688 0.915052
-0.302734 0.916046
-0.300781 0.917036
-0.298828 0.918022
-0.296875 0.919004
-0.294922 0.919981
-0.292969 0.920954
-0.291016 0.921922
-0.289062 0.922886
-0.287109 0.923846
-0.285156 0.924801
-0.283203 0.925751
-0.28125 0.926697
-0.279297 0.927638
-0.277344 0.928574
-0.275391 0.929506
-0.273438 0.930433
-0.271484 0.931356
-0.269531 0.932273
-0.267578 0.933186
-0.265625 0.934094
-0.263672 0.934996
-0.261719 0.935894
-0.259766 0.936787
-0.257812 0.937675
-0.255859 0.938558
-0.253906 0.939436
-0.251953 0.940309
-0.25 0.941176
-0.248047 0.942039
-0.246094 0.942896
-0.244141 0.943748
-0.242188 0.944595
-0.240234 0.945436
-0.238281 0.946273
-0.236328 0.947103
-0.234375 0.947929
-0.232422 0.948749
-0.230469 0.949563
-0.228516 0.950372
-0.226562 0.951176
-0.224609 0.951974
-0.222656 0.952766
-0.220703 0.953553
-0.21875 0.954334
-0.216797 0.955109
-0.214844 0.955879
-0.212891 0.956643
-0.210938 0.957401
-0.208984 0.958153
-0.207031 0.9589
-0.205078 0.95964
-0.203125 0.960375
-0.201172 0.961104
-0.199219 0.961827
-0.197266 0.962544
-0.195312 0.963255
-0.193359 0.96396
-0.191406 0.964658
-0.189453 0.965351
-0.1875 0.966038
-0.185547 0.966718
-0.183594 0.967392
-0.181641 0.96806
-0.179688 0.968722
-0.177734 0.969378
-0.175781 0.970027
-0.173828 0.97067
-0.171875 0.971307
-0.169922 0.971937
-0.167969 0.972561
-0.166016 0.973178
-0.164062 0.973789
-0.162109 0.974393
-0.160156 0.974991
-0.158203 0.975583
-0.15625 0.976168
-0.154297 0.976746
-0.152344 0.977318
-0.150391 0.977883
-0.148438 0.978441
-0.146484 0.978993
-0.144531 0.979538
-0.142578 0.980076
-0.140625 0.980608
-0.138672 0.981133
-0.136719 0.981651
-0.134766 0.982162
-0.132812 0.982667
-0.130859 0.983164
-0.128906 0.983655
-0.126953 0.984139
-0.125 0.984615
-0.123047 0.985085
-0.121094 0.985548
-0.119141 0.986004
-0.117188 0.986453
-0.115234 0.986895
-0.113281 0.98733
-0.111328 0.987758
-0.109375 0.988179
-0.107422 0.988592
-0.105469 0.988999
-0.103516 0.989398
-0.101562 0.98979
-0.0996094 0.990175
-0.0976562 0.990553
-0.0957031 0.990924
-0.09375 0.991288
-0.0917969 0.991644
-0.0898438 0.991993
-0.0878906 0.992334
-0.0859375 0.992669
-0.0839844 0.992996
-0.0820312 0.993316
-0.0800781 0.993628
-0.078125 0.993934
-0.0761719 0.994231
-0.0742188 0.994522
-0.0722656 0.994805
-0.0703125 0.99508
-0.0683594 0.995349
-0.0664062 0.99561
-0.0644531 0.995863
-0.0625 0.996109
-0.0605469 0.996347
-0.0585938 0.996579
-0.0566406 0.996802
-0.0546875 0.997018
-0.0527344 0.997227
-0.0507812 0.997428
-0.0488281 0.997621
-0.046875 0.997808
-0.0449219 0.997986
-0.0429688 0.998157
-0.0410156 0.998321
-0.0390625 0.998476
-0.0371094 0.998625
-0.0351562 0.998766
-0.0332031 0.998899
-0.03125 0.999024
-0.0292969 0.999142
-0.0273438 0.999253
-0.0253906 0.999356
-0.0234375 0.999451
-0.0214844 0.999539
-0.0195312 0.999619
-0.0175781 0.999691
-0.015625 0.999756
-0.0136719 0.999813
-0.0117188 0.999863
-0.00976562 0.999905
-0.0078125 0.999939
-0.00585938 0.999966
-0.00390625 0.999985
-0.00195312 0.999996
0 1
0.00195312 0.999996
0.00390625 0.999985
0.00585938 0.999966
0.0078125 0.999939
0.00976562 0.999905
0.0117188 0.999863
0.0136719 0.999813
0.015625 0.999756
0.0175781 0.999691
0.0195312 0.999619
0.0214844 0.999539
0.0234375 0.999451
0.0253906 0.999356
0.0273438 0.999253
0.0292969 0.999142
0.03125 0.999024
0.0332031 0.998899
0.0351562 0.998766
0.0371094 0.998625
0.0390625 0.998476
0.0410156 0.998321
0.0429688 0.998157
0.0449219 0.997986
0.046875 0.997808
0.0488281 0.997621
0.0507812 0.997428
0.0527344 0.997227
0.0546875 0.997018
0.0566406 0.996802
0.0585938 0.996579
0.0605469 0.996347
0.0625 0.996109
0.0644531 0.995863
0.0664062 0.99561
0.0683594 0.995349
0.0703125 0.99508
0.0722656 0.994805
0.0742188 0.994522
0.0761719 0.994231
0.078125 0.993934
0.0800781 0.993628
0.0820312 0.993316
0.0839844 0.992996
0.0859375 0.992669
0.0878906 0.992334
0.0898438 0.991993
0.0917969 0.991644
0.09375 0.991288
0.0957031 0.990924
0.0976562 0.990553
0.0996094 0.990175
0.101562 0.98979
0.103516 0.989398
0.105469 0.988999
0.107422 0.988592
0.109375 0.988179
0.111328 0.987758
0.113281 0.98733
0.115234 0.986895
0.117188 0.986453
0.119141 0.986004
0.121094 0.985548
0.123047 0.985085
0.125 0.984615
0.126953 0.984139
0.128906 0.983655
0.130859 0.983164
0.132812 0.982667
0.134766 0.982162
0.136719 0.981651
0.138672 0.981133
0.140625 0.980608
0.142578 0.980076
0.144531 0.979538
0.146484 0.978993
0.148438 0.978441
0.150391 0.977883
0.152344 0.977318
0.154297 0.976746
0.15625 0.976168
0.158203 0.975583
0.160156 0.974991
0.162109 0.974393
0.164062 0.973789
0.166016 0.973178
0.167969 0.972561
0.169922 0.971937
0.171875 0.971307
0.173828 0.97067
0.175781 0.970027
0.177734 0.969378
0.179688 0.968722
0.181641 0.96806
0.183594 0.967392
0.185547 0.966718
0.1875 0.966038
0.189453 0.965351
0.191406 0.964658
0.193359 0.96396
0.195312 0.963255
0.197266 0.962544
0.199219 0.961827
0.201172 0.961104
0.203125 0.960375
0.205078 0.95964
0.207031 0.9589
0.208984 0.958153
0.210938 0.957401
0.212891 0.956643
0.214844 0.955879
0.216797 0.955109
0.21875 0.954334
0.220703 0.953553
0.222656 0.952766
0.224609 0.951974
0.226562 0.951176
0.228516 0.950372
0.230469 0.949563
0.232422 0.948749
0.234375 0.947929
0.236328 0.947103
0.238281 0.946273
0.240234 0.945436
0.242188 0.944595
0.244141 0.943748
0.246094 0.942896
0.248047 0.942039
0.25 0.941176
0.251953 0.940309
0.253906 0.939436
0.255859 0.938558
0.257812 0.937675
0.259766 0.936787
0.261719 0.935894
0.263672 0.934996
0.265625 0.934094
0.267578 0.933186
0.269531 0.932273
0.271484 0.931356
0.273438 0.930433
0.275391 0.929506
0.277344 0.928574
0.279297 0.927638
0.28125 0.926697
0.283203 0.925751
0.285156 0.924801
0.287109 0.923846
0.289062 0.922886
0.291016 0.921922
0.292969 0.920954
0.294922 0.919981
0.296875 0.919004
0.298828 0.918022
0.300781 0.917036
0.302734 0.916046
0.304688 0.915052
0.306641 0.914053
0.308594 0.91305
0.310547 0.912043
0.3125 0.911032
0.314453 0.910017
0.316406 0.908998
0.318359 0.907974
0.320312 0.906947
0.322266 0.905916
0.324219 0.904881
0.326172 0.903842
0.328125 0.902799
0.330078 0.901753
0.332031 0.900702
0.333984 0.899648
0.335938 0.89859
0.337891 0.897529
0.339844 0.896464
0.341797 0.895395
0.34375 0.894323
0.345703 0.893247
0.347656 0.892168
0.349609 0.891086
0.351562 0.889999
0.353516 0.88891
0.355469 0.887817
0.357422 0.886721
0.359375 0.885622
0.361328 0.884519
0.363281 0.883413
0.365234 0.882304
0.367188 0.881192
0.369141 0.880077
0.371094 0.878958
0.373047 0.877837
0.375 0.876712
0.376953 0.875585
0.378906 0.874455
0.380859 0.873321
0.382812 0.872185
0.384766 0.871046
0.386719 0.869905
0.388672 0.86876
0.390625 0.867613
0.392578 0.866463
0.394531 0.86531
0.396484 0.864155
0.398438 0.862997
0.400391 0.861837
0.402344 0.860674
0.404297 0.859508
0.40625 0.85834
0.408203 0.85717
0.410156 0.855997
0.412109 0.854822
0.414062 0.853645
0.416016 0.852465
0.417969 0.851283
0.419922 0.850098
0.421875 0.848912
0.423828 0.847723
0.425781 0.846532
0.427734 0.845339
0.429688 0.844144
0.431641 0.842947
0.433594 0.841748
0.435547 0.840547
0.4375 0.839344
0.439453 0.838139
0.441406 0.836933
0.443359 0.835724
0.445312 0.834513
0.447266 0.833301
0.449219 0.832087
0.451172 0.830871
0.453125 0.829654
0.455078 0.828434
0.457031 0.827214
0.458984 0.825991
0.460938 0.824767
0.462891 0.823542
0.464844 0.822315
0.466797 0.821086
0.46875 0.819856
0.470703 0.818624
0.472656 0.817392
0.474609 0.816157
0.476562 0.814922
0.478516 0.813685
0.480469 0.812447
0.482422 0.811207
0.484375 0.809966
0.486328 0.808724
0.488281 0.807481
0.490234 0.806237
0.492188 0.804992
0.494141 0.803745
0.496094 0.802498
0.498047 0.80125
0.5 0.8
0.501953 0.79875
0.503906 0.797498
0.505859 0.796246
0.507812 0.794992
0.509766 0.793738
0.511719 0.792483
0.513672 0.791228
0.515625 0.789971
0.517578 0.788714
0.519531 0.787456
0.521484 0.786197
0.523438 0.784937
0.525391 0.783677
0.527344 0.782417
0.529297 0.781155
0.53125 0.779893
0.533203 0.778631
0.535156 0.777368
0.537109 0.776104
0.539062 0.77484
0.541016 0.773576
0.542969 0.772311
0.544922 0.771046
0.546875 0.76978
0.548828 0.768514
0.550781 0.767248
0.552734 0.765981
0.554688 0.764714
0.556641 0.763447
0.558594 0.762179
0.560547 0.760912
0.5625 0.759644
0.564453 0.758376
0.566406 0.757108
0.568359 0.755839
0.570312 0.754571
0.572266 0.753303
0.574219 0.752034
0.576172 0.750765
0.578125 0.749497
0.580078 0.748228
0.582031 0.74696
0.583984 0.745691
0.585938 0.744423
0.587891 0.743154
0.589844 0.741886
0.591797 0.740618
0.59375 0.73935
0.595703 0.738082
0.597656 0.736815
0.599609 0.735548
0.601562 0.73428
0.603516 0.733014
0.605469 0.731747
0.607422 0.730481
0.609375 0.729215
0.611328 0.727949
0.613281 0.726684
0.615234 0.725419
0.617188 0.724155
0.619141 0.722891
0.621094 0.721627
0.623047 0.720364
0.625 0.719101
0.626953 0.717839
0.628906 0.716577
0.630859 0.715316
0.632812 0.714055
0.634766 0.712795
0.636719 0.711536
0.638672 0.710277
0.640625 0.709019
0.642578 0.707761
0.644531 0.706504
0.646484 0.705247
0.648438 0.703992
0.650391 0.702737
0.652344 0.701482
0.654297 0.700229
0.65625 0.698976
0.658203 0.697724
0.660156 0.696473
0.662109 0.695222
0.664062 0.693973
0.666016 0.692724
0.667969 0.691476
0.669922 0.690229
0.671875 0.688982
0.673828 0.687737
0.675781 0.686492
0.677734 0.685249
0.679688 0.684006
0.681641 0.682764
0.683594 0.681524
0.685547 0.680284
0.6875 0.679045
0.689453 0.677807
0.691406 0.67657
0.693359 0.675335
0.695312 0.6741
0.697266 0.672866
0.699219 0.671634
0.701172 0.670402
0.703125 0.669172
0.705078 0.667942
0.707031 0.666714
0.708984 0.665487
0.710938 0.664261
0.712891 0.663036
0.714844 0.661813
0.716797 0.66059
0.71875 0.659369
0.720703 0.658149
0.722656 0.65693
0.724609 0.655712
0.726562 0.654496
0.728516 0.653281
0.730469 0.652067
0.732422 0.650854
0.734375 0.649643
0.736328 0.648433
0.738281 0.647224
0.740234 0.646017
0.742188 0.644811
0.744141 0.643606
0.746094 0.642403
0.748047 0.641201
0.75 0.64
0.751953 0.638801
0.753906 0.637603
0.755859 0.636406
0.757812 0.635211
0.759766 0.634017
0.761719 0.632825
0.763672 0.631634
0.765625 0.630445
0.767578 0.629257
0.769531 0.62807
0.771484 0.626885
0.773438 0.625702
0.775391 0.62452
0.777344 0.623339
0.779297 0.62216
0.78125 0.620982
0.783203 0.619806
0.785156 0.618632
0.787109 0.617459
0.789062 0.616287
0.791016 0.615117
0.792969 0.613949
0.794922 0.612782
0.796875 0.611617
0.798828 0.610454
0.800781 0.609291
0.802734 0.608131
0.804688 0.606972
0.806641 0.605815
0.808594 0.604659
0.810547 0.603505
0.8125 0.602353
0.814453 0.601202
0.816406 0.600053
0.818359 0.598906
0.820312 0.59776
0.822266 0.596616
0.824219 0.595473
0.826172 0.594332
0.828125 0.593193
0.830078 0.592056
0.832031 0.59092
0.833984 0.589786
0.835938 0.588654
0.837891 0.587523
0.839844 0.586394
0.841797 0.585267
0.84375 0.584141
0.845703 0.583018
0.847656 0.581896
0.849609 0.580775
0.851562 0.579657
0.853516 0.57854
0.855469 0.577425
0.857422 0.576312
0.859375 0.5752
0.861328 0.57409
0.863281 0.572982
0.865234 0.571876
0.867188 0.570772
0.869141 0.569669
0.871094 0.568568
0.873047 0.567469
0.875 0.566372
0.876953 0.565276
0.878906 0.564182
0.880859 0.563091
0.882812 0.562
0.884766 0.560912
0.886719 0.559826
0.888672 0.558741
0.890625 0.557658
0.892578 0.556577
0.894531 0.555498
0.896484 0.554421
0.898438 0.553345
0.900391 0.552272
0.902344 0.5512
0.904297 0.55013
0.90625 0.549062
0.908203 0.547995
0.910156 0.546931
0.912109 0.545868
0.914062 0.544808
0.916016 0.543749
0.917969 0.542692
0.919922 0.541637
0.921875 0.540583
0.923828 0.539532
0.925781 0.538482
0.927734 0.537435
0.929688 0.536389
0.931641 0.535345
0.933594 0.534303
0.935547 0.533263
0.9375 0.532225
0.939453 0.531188
0.941406 0.530154
0.943359 0.529121
0.945312 0.52809
0.947266 0.527061
0.949219 0.526034
0.951172 0.525009
0.953125 0.523986
0.955078 0.522965
0.957031 0.521946
0.958984 0.520928
0.960938 0.519912
0.962891 0.518899
0.964844 0.517887
0.966797 0.516877
0.96875 0.515869
0.970703 0.514863
0.972656 0.513859
0.974609 0.512856
0.976562 0.511856
0.978516 0.510858
0.980469 0.509861
0.982422 0.508866
0.984375 0.507874
0.986328 0.506883
0.988281 0.505894
0.990234 0.504907
0.992188 0.503922
0.994141 0.502938
0.996094 0.501957
0.998047 0.500978
1 0.5
