-0.707071 -9.89899
-0.707071 -9.69697
-0.707071 -9.49495
-0.707071 -9.29293
-0.707071 -9.09091
-0.707071 -8.88889
-0.707071 -8.68687
-0.707071 -8.48485
-0.707071 -8.28283
-0.707071 -8.08081
-0.707071 -7.87879
-0.707071 -7.67677
-0.707071 -7.47475
-0.707071 -7.27273
-0.707071 -7.07071
-0.707071 -6.86869
-0.707071 -6.66667
-0.707071 -6.46465
-0.707071 -6.26263
-0.707071 -6.06061
-0.707071 -5.85859
-0.707071 -5.65657
-0.707071 -5.45455
-0.707071 -5.25253
-0.707071 -5.05051
-0.707071 -4.84848
-0.707071 -4.64646
-0.707071 -4.44444
-0.707071 -4.24242
-0.707071 -4.0404
-0.707071 -3.83838
-0.707071 -3.63636
-0.707071 -3.43434
-0.707071 -3.23232
-0.707071 -3.0303
-0.707071 -2.82828
-0.707071 -2.62626
-0.707071 -2.42424
-0.707071 -2.22222
-0.707071 -2.0202
-0.707071 -1.81818
-0.707071 -1.61616
-0.707071 -1.41414
-0.707071 -1.21212
-0.707071 -1.0101
-0.707071 -0.808081
-0.707071 -0.606061
-0.707071 -0.40404
-0.707071 -0.20202
-0.707071 0
-0.707071 0.20202
-0.707071 0.40404
-0.707071 0.606061
-0.707071 0.808081
-0.707071 1.0101
-0.707071 1.21212
-0.707071 1.41414
-0.707071 1.61616
-0.707071 1.81818
-0.707071 2.0202
-0.707071 2.22222
-0.707071 2.42424
-0.707071 2.62626
-0.707071 2.82828
-0.707071 3.0303
-0.707071 3.23232
-0.707071 3.43434
-0.707071 3.63636
-0.707071 3.83838
-0.707071 4.0404
-0.707071 4.24242
-0.707071 4.44444
-0.707071 4.64646
-0.707071 4.84848
-0.707071 5.05051
-0.707071 5.25253
-0.707071 5.45455
-0.707071 5.65657
-0.707071 5.85859
-0.707071 6.06061
-0.707071 6.26263
-0.707071 6.46465
-0.707071 6.66667
-0.707071 6.86869
-0.707071 7.07071
-0.707071 7.27273
-0.707071 7.47475
-0.707071 7.67677
-0.707071 7.87879
-0.707071 8.08081
-0.707071 8.28283
-0.707071 8.48485
-0.707071 8.68687
-0.707071 8.88889
-0.707071 9.09091
-0.707071 9.29293
-0.707071 9.49495
-0.707071 9.69697
-0.707071 9.89899
-0.10101 -9.89899
-0.10101 -9.69697
-0.10101 -9.49495
-0.10101 -9.29293
-0.10101 -9.09091
-0.10101 -8.88889
-0.10101 -8.68687
-0.10101 -8.48485
-0.10101 -8.28283
-0.10101 -8.08081
-0.10101 -7.87879
-0.10101 -7.67677
-0.10101 -7.47475
-0.10101 -7.27273
-0.10101 -7.07071
-0.10101 -6.86869
-0.10101 -6.66667
-0.10101 -6.46465
-0.10101 -6.26263
-0.10101 -6.06061
-0.10101 -5.85859
-0.10101 -5.65657
-0.10101 -5.45455
-0.10101 -5.25253
-0.10101 -5.05051
-0.10101 -4.84848
-0.10101 -4.64646
-0.10101 -4.44444
-0.10101 -4.24242
-0.10101 -4.0404
-0.10101 -3.83838
-0.10101 -3.63636
-0.10101 -3.43434
-0.10101 -3.23232
-0.10101 -3.0303
-0.10101 -2.82828
-0.10101 -2.62626
-0.10101 -2.42424
-0.10101 -2.22222
-0.10101 -2.0202
-0.10101 -1.81818
-0.10101 -1.61616
-0.10101 -1.41414
-0.10101 -1.21212
-0.10101 -1.0101
-0.10101 -0.808081
-0.10101 -0.606061
-0.10101 -0.40404
-0.10101 -0.20202
-0.10101 0
-0.10101 0.20202
-0.10101 0.40404
-0.10101 0.606061
-0.10101 0.808081
-0.10101 1.0101
-0.10101 1.21212
-0.10101 1.41414
-0.10101 1.61616
-0.10101 1.81818
-0.10101 2.0202
-0.10101 2.22222
-0.10101 2.42424
-0.10101 2.62626
-0.10101 2.82828
-0.10101 3.0303
-0.10101 3.23232
-0.10101 3.43434
-0.10101 3.63636
-0.10101 3.83838
-0.10101 4.0404
-0.10101 4.24242
-0.10101 4.44444
-0.10101 4.64646
-0.10101 4.84848
-0.10101 5.05051
-0.10101 5.25253
-0.10101 5.45455
-0.10101 5.65657
-0.10101 5.85859
-0.10101 6.06061
-0.10101 6.26263
-0.10101 6.46465
-0.10101 6.66667
-0.10101 6.86869
-0.10101 7.07071
-0.10101 7.27273
-0.10101 7.47475
-0.10101 7.67677
-0.10101 7.87879
-0.10101 8.08081
-0.10101 8.28283
-0.10101 8.48485
-0.10101 8.68687
-0.10101 8.88889
-0.10101 9.09091
-0.10101 9.29293
-0.10101 9.49495
-0.10101 9.69697
-0.10101 9.89899
0.10101 -9.89899
0.10101 -9.69697
0.10101 -9.49495
0.10101 -9.29293
0.10101 -9.09091
0.10101 -8.88889
0.10101 -8.68687
0.10101 -8.48485
0.10101 -8.28283
0.10101 -8.08081
0.10101 -7.87879
0.10101 -7.67677
0.10101 -7.47475
0.10101 -7.27273
0.10101 -7.07071
0.10101 -6.86869
0.10101 -6.66667
0.10101 -6.46465
0.10101 -6.26263
0.10101 -6.06061
0.10101 -5.85859
0.10101 -5.65657
0.10101 -5.45455
0.10101 -5.25253
0.10101 -5.05051
0.10101 -4.84848
0.10101 -4.64646
0.10101 -4.44444
0.10101 -4.24242
0.10101 -4.0404
0.10101 -3.83838
0.10101 -3.63636
0.10101 -3.43434
0.10101 -3.23232
0.10101 -3.0303
0.10101 -2.82828
0.10101 -2.62626
0.10101 -2.42424
0.10101 -2.22222
0.10101 -2.0202
0.10101 -1.81818
0.10101 -1.61616
0.10101 -1.41414
0.10101 -1.21212
0.10101 -1.0101
0.10101 -0.808081
0.10101 -0.606061
0.10101 -0.40404
0.10101 -0.20202
0.10101 0
0.10101 0.20202
0.10101 0.40404
0.10101 0.606061
0.10101 0.808081
0.10101 1.0101
0.10101 1.21212
0.10101 1.41414
0.10101 1.61616
0.10101 1.81818
0.10101 2.0202
0.10101 2.22222
0.10101 2.42424
0.10101 2.62626
0.10101 2.82828
0.10101 3.0303
0.10101 3.23232
0.10101 3.43434
0.10101 3.63636
0.10101 3.83838
0.10101 4.0404
0.10101 4.24242
0.10101 4.44444
0.10101 4.64646
0.10101 4.84848
0.10101 5.05051
0.10101 5.25253
0.10101 5.45455
0.10101 5.65657
0.10101 5.85859
0.10101 6.06061
0.10101 6.26263
0.10101 6.46465
0.10101 6.66667
0.10101 6.86869
0.10101 7.07071
0.10101 7.27273
0.10101 7.47475
0.10101 7.67677
0.10101 7.87879
0.10101 8.08081
0.10101 8.28283
0.10101 8.48485
0.10101 8.68687
0.10101 8.88889
0.10101 9.09091
0.10101 9.29293
0.10101 9.49495
0.10101 9.69697
0.10101 9.89899
