-1.71717 -9.89899
-1.71717 -9.69697
-1.71717 -9.49495
-1.71717 -9.29293
-1.71717 -9.09091
-1.71717 -8.88889
-1.71717 -8.68687
-1.71717 -8.48485
-1.71717 -8.28283
-1.71717 -8.08081
-1.71717 -7.87879
-1.71717 -7.67677
-1.71717 -7.47475
-1.71717 -7.27273
-1.71717 -7.07071
-1.71717 -6.86869
-1.71717 -6.66667
-1.71717 -6.46465
-1.71717 -6.26263
-1.71717 -6.06061
-1.71717 -5.85859
-1.71717 -5.65657
-1.71717 -5.45455
-1.71717 -5.25253
-1.71717 -5.05051
-1.71717 -4.84848
-1.71717 -4.64646
-1.71717 -4.44444
-1.71717 -4.24242
-1.71717 -4.0404
-1.71717 -3.83838
-1.71717 -3.63636
-1.71717 -3.43434
-1.71717 -3.23232
-1.71717 -3.0303
-1.71717 -2.82828
-1.71717 -2.62626
-1.71717 -2.42424
-1.71717 -2.22222
-1.71717 -2.0202
-1.71717 -1.81818
-1.71717 -1.61616
-1.71717 -1.41414
-1.71717 -1.21212
-1.71717 -1.0101
-1.71717 -0.808081
-1.71717 -0.606061
-1.71717 -0.40404
-1.71717 -0.20202
-1.71717 0
-1.71717 0.20202
-1.71717 0.40404
-1.71717 0.606061
-1.71717 0.808081
-1.71717 1.0101
-1.71717 1.21212
-1.71717 1.41414
-1.71717 1.61616
-1.71717 1.81818
-1.71717 2.0202
-1.71717 2.22222
-1.71717 2.42424
-1.71717 2.62626
-1.71717 2.82828
-1.71717 3.0303
-1.71717 3.23232
-1.71717 3.43434
-1.71717 3.63636
-1.71717 3.83838
-1.71717 4.0404
-1.71717 4.24242
-1.71717 4.44444
-1.71717 4.64646
-1.71717 4.84848
-1.71717 5.05051
-1.71717 5.25253
-1.71717 5.45455
-1.71717 5.65657
-1.71717 5.85859
-1.71717 6.06061
-1.71717 6.26263
-1.71717 6.46465
-1.71717 6.66667
-1.71717 6.86869
-1.71717 7.07071
-1.71717 7.27273
-1.71717 7.47475
-1.71717 7.67677
-1.71717 7.87879
-1.71717 8.08081
-1.71717 8.28283
-1.71717 8.48485
-1.71717 8.68687
-1.71717 8.88889
-1.71717 9.09091
-1.71717 9.29293
-1.71717 9.49495
-1.71717 9.69697
-1.71717 9.89899
-1.51515 -9.89899
-1.51515 -9.69697
-1.51515 -9.49495
-1.51515 -9.29293
-1.51515 -9.09091
-1.51515 -8.88889
-1.51515 -8.68687
-1.51515 -8.48485
-1.51515 -8.28283
-1.51515 -8.08081
-1.51515 -7.87879
-1.51515 -7.67677
-1.51515 -7.47475
-1.51515 -7.27273
-1.51515 -7.07071
-1.51515 -6.86869
-1.51515 -6.66667
-1.51515 -6.46465
-1.51515 -6.26263
-1.51515 -6.06061
-1.51515 -5.85859
-1.51515 -5.65657
-1.51515 -5.45455
-1.51515 -5.25253
-1.51515 -5.05051
-1.51515 -4.84848
-1.51515 -4.64646
-1.51515 -4.44444
-1.51515 -4.24242
-1.51515 -4.0404
-1.51515 -3.83838
-1.51515 -3.63636
-1.51515 -3.43434
-1.51515 -3.23232
-1.51515 -3.0303
-1.51515 -2.82828
-1.51515 -2.62626
-1.51515 -2.42424
-1.51515 -2.22222
-1.51515 -2.0202
-1.51515 -1.81818
-1.51515 -1.61616
-1.51515 -1.41414
-1.51515 -1.21212
-1.51515 -1.0101
-1.51515 -0.808081
-1.51515 -0.606061
-1.51515 -0.40404
-1.51515 -0.20202
-1.51515 0
-1.51515 0.20202
-1.51515 0.40404
-1.51515 0.606061
-1.51515 0.808081
-1.51515 1.0101
-1.51515 1.21212
-1.51515 1.41414
-1.51515 1.61616
-1.51515 1.81818
-1.51515 2.0202
-1.51515 2.22222
-1.51515 2.42424
-1.51515 2.62626
-1.51515 2.82828
-1.51515 3.0303
-1.51515 3.23232
-1.51515 3.43434
-1.51515 3.63636
-1.51515 3.83838
-1.51515 4.0404
-1.51515 4.24242
-1.51515 4.44444
-1.51515 4.64646
-1.51515 4.84848
-1.51515 5.05051
-1.51515 5.25253
-1.51515 5.45455
-1.51515 5.65657
-1.51515 5.85859
-1.51515 6.06061
-1.51515 6.26263
-1.51515 6.46465
-1.51515 6.66667
-1.51515 6.86869
-1.51515 7.07071
-1.51515 7.27273
-1.51515 7.47475
-1.51515 7.67677
-1.51515 7.87879
-1.51515 8.08081
-1.51515 8.28283
-1.51515 8.48485
-1.51515 8.68687
-1.51515 8.88889
-1.51515 9.09091
-1.51515 9.29293
-1.51515 9.49495
-1.51515 9.69697
-1.51515 9.89899
-1.31313 -9.89899
-1.31313 -9.69697
-1.31313 -9.49495
-1.31313 -9.29293
-1.31313 -9.09091
-1.31313 -8.88889
-1.31313 -8.68687
-1.31313 -8.48485
-1.31313 -8.28283
-1.31313 -8.08081
-1.31313 -7.87879
-1.31313 -7.67677
-1.31313 -7.47475
-1.31313 -7.27273
-1.31313 -7.07071
-1.31313 -6.86869
-1.31313 -6.66667
-1.31313 -6.46465
-1.31313 -6.26263
-1.31313 -6.06061
-1.31313 -5.85859
-1.31313 -5.65657
-1.31313 -5.45455
-1.31313 -5.25253
-1.31313 -5.05051
-1.31313 -4.84848
-1.31313 -4.64646
-1.31313 -4.44444
-1.31313 -4.24242
-1.31313 -4.0404
-1.31313 -3.83838
-1.31313 -3.63636
-1.31313 -3.43434
-1.31313 -3.23232
-1.31313 -3.0303
-1.31313 -2.82828
-1.31313 -2.62626
-1.31313 -2.42424
-1.31313 -2.22222
-1.31313 -2.0202
-1.31313 -1.81818
-1.31313 -1.61616
-1.31313 -1.41414
-1.31313 -1.21212
-1.31313 -1.0101
-1.31313 -0.808081
-1.31313 -0.606061
-1.31313 -0.40404
-1.31313 -0.20202
-1.31313 0
-1.31313 0.20202
-1.31313 0.40404
-1.31313 0.606061
-1.31313 0.808081
-1.31313 1.0101
-1.31313 1.21212
-1.31313 1.41414
-1.31313 1.61616
-1.31313 1.81818
-1.31313 2.0202
-1.31313 2.22222
-1.31313 2.42424
-1.31313 2.62626
-1.31313 2.82828
-1.31313 3.0303
-1.31313 3.23232
-1.31313 3.43434
-1.31313 3.63636
-1.31313 3.83838
-1.31313 4.0404
-1.31313 4.24242
-1.31313 4.44444
-1.31313 4.64646
-1.31313 4.84848
-1.31313 5.05051
-1.31313 5.25253
-1.31313 5.45455
-1.31313 5.65657
-1.31313 5.85859
-1.31313 6.06061
-1.31313 6.26263
-1.31313 6.46465
-1.31313 6.66667
-1.31313 6.86869
-1.31313 7.07071
-1.31313 7.27273
-1.31313 7.47475
-1.31313 7.67677
-1.31313 7.87879
-1.31313 8.08081
-1.31313 8.28283
-1.31313 8.48485
-1.31313 8.68687
-1.31313 8.88889
-1.31313 9.09091
-1.31313 9.29293
-1.31313 9.49495
-1.31313 9.69697
-1.31313 9.89899
-1.11111 -9.89899
-1.11111 -9.69697
-1.11111 -9.49495
-1.11111 -9.29293
-1.11111 -9.09091
-1.11111 -8.88889
-1.11111 -8.68687
-1.11111 -8.48485
-1.11111 -8.28283
-1.11111 -8.08081
-1.11111 -7.87879
-1.11111 -7.67677
-1.11111 -7.47475
-1.11111 -7.27273
-1.11111 -7.07071
-1.11111 -6.86869
-1.11111 -6.66667
-1.11111 -6.46465
-1.11111 -6.26263
-1.11111 -6.06061
-1.11111 -5.85859
-1.11111 -5.65657
-1.11111 -5.45455
-1.11111 -5.25253
-1.11111 -5.05051
-1.11111 -4.84848
-1.11111 -4.64646
-1.11111 -4.44444
-1.11111 -4.24242
-1.11111 -4.0404
-1.11111 -3.83838
-1.11111 -3.63636
-1.11111 -3.43434
-1.11111 -3.23232
-1.11111 -3.0303
-1.11111 -2.82828
-1.11111 -2.62626
-1.11111 -2.42424
-1.11111 -2.22222
-1.11111 -2.0202
-1.11111 -1.81818
-1.11111 -1.61616
-1.11111 -1.41414
-1.11111 -1.21212
-1.11111 -1.0101
-1.11111 -0.808081
-1.11111 -0.606061
-1.11111 -0.40404
-1.11111 -0.20202
-1.11111 0
-1.11111 0.20202
-1.11111 0.40404
-1.11111 0.606061
-1.11111 0.808081
-1.11111 1.0101
-1.11111 1.21212
-1.11111 1.41414
-1.11111 1.61616
-1.11111 1.81818
-1.11111 2.0202
-1.11111 2.22222
-1.11111 2.42424
-1.11111 2.62626
-1.11111 2.82828
-1.11111 3.0303
-1.11111 3.23232
-1.11111 3.43434
-1.11111 3.63636
-1.11111 3.83838
-1.11111 4.0404
-1.11111 4.24242
-1.11111 4.44444
-1.11111 4.64646
-1.11111 4.84848
-1.11111 5.05051
-1.11111 5.25253
-1.11111 5.45455
-1.11111 5.65657
-1.11111 5.85859
-1.11111 6.06061
-1.11111 6.26263
-1.11111 6.46465
-1.11111 6.66667
-1.11111 6.86869
-1.11111 7.07071
-1.11111 7.27273
-1.11111 7.47475
-1.11111 7.67677
-1.11111 7.87879
-1.11111 8.08081
-1.11111 8.28283
-1.11111 8.48485
-1.11111 8.68687
-1.11111 8.88889
-1.11111 9.09091
-1.11111 9.29293
-1.11111 9.49495
-1.11111 9.69697
-1.11111 9.89899
-0.909091 -9.89899
-0.909091 -9.69697
-0.909091 -9.49495
-0.909091 -9.29293
-0.909091 -9.09091
-0.909091 -8.88889
-0.909091 -8.68687
-0.909091 -8.48485
-0.909091 -8.28283
-0.909091 -8.08081
-0.909091 -7.87879
-0.909091 -7.67677
-0.909091 -7.47475
-0.909091 -7.27273
-0.909091 -7.07071
-0.909091 -6.86869
-0.909091 -6.66667
-0.909091 -6.46465
-0.909091 -6.26263
-0.909091 -6.06061
-0.909091 -5.85859
-0.909091 -5.65657
-0.909091 -5.45455
-0.909091 -5.25253
-0.909091 -5.05051
-0.909091 -4.84848
-0.909091 -4.64646
-0.909091 -4.44444
-0.909091 -4.24242
-0.909091 -4.0404
-0.909091 -3.83838
-0.909091 -3.63636
-0.909091 -3.43434
-0.909091 -3.23232
-0.909091 -3.0303
-0.909091 -2.82828
-0.909091 -2.62626
-0.909091 -2.42424
-0.909091 -2.22222
-0.909091 -2.0202
-0.909091 -1.81818
-0.909091 -1.61616
-0.909091 -1.41414
-0.909091 -1.21212
-0.909091 -1.0101
-0.909091 -0.808081
-0.909091 -0.606061
-0.909091 -0.40404
-0.909091 -0.20202
-0.909091 0
-0.909091 0.20202
-0.909091 0.40404
-0.909091 0.606061
-0.909091 0.808081
-0.909091 1.0101
-0.909091 1.21212
-0.909091 1.41414
-0.909091 1.61616
-0.909091 1.81818
-0.909091 2.0202
-0.909091 2.22222
-0.909091 2.42424
-0.909091 2.62626
-0.909091 2.82828
-0.909091 3.0303
-0.909091 3.23232
-0.909091 3.43434
-0.909091 3.63636
-0.909091 3.83838
-0.909091 4.0404
-0.909091 4.24242
-0.909091 4.44444
-0.909091 4.64646
-0.909091 4.84848
-0.909091 5.05051
-0.909091 5.25253
-0.909091 5.45455
-0.909091 5.65657
-0.909091 5.85859
-0.909091 6.06061
-0.909091 6.26263
-0.909091 6.46465
-0.909091 6.66667
-0.909091 6.86869
-0.909091 7.07071
-0.909091 7.27273
-0.909091 7.47475
-0.909091 7.67677
-0.909091 7.87879
-0.909091 8.08081
-0.909091 8.28283
-0.909091 8.48485
-0.909091 8.68687
-0.909091 8.88889
-0.909091 9.09091
-0.909091 9.29293
-0.909091 9.49495
-0.909091 9.69697
-0.909091 9.89899
-0.505051 -9.89899
-0.505051 -9.69697
-0.505051 -9.49495
-0.505051 -9.29293
-0.505051 -9.09091
-0.505051 -8.88889
-0.505051 -8.68687
-0.505051 -8.48485
-0.505051 -8.28283
-0.505051 -8.08081
-0.505051 -7.87879
-0.505051 -7.67677
-0.505051 -7.47475
-0.505051 -7.27273
-0.505051 -7.07071
-0.505051 -6.86869
-0.505051 -6.66667
-0.505051 -6.46465
-0.505051 -6.26263
-0.505051 -6.06061
-0.505051 -5.85859
-0.505051 -5.65657
-0.505051 -5.45455
-0.505051 -5.25253
-0.505051 -5.05051
-0.505051 -4.84848
-0.505051 -4.64646
-0.505051 -4.44444
-0.505051 -4.24242
-0.505051 -4.0404
-0.505051 -3.83838
-0.505051 -3.63636
-0.505051 -3.43434
-0.505051 -3.23232
-0.505051 -3.0303
-0.505051 -2.82828
-0.505051 -2.62626
-0.505051 -2.42424
-0.505051 -2.22222
-0.505051 -2.0202
-0.505051 -1.81818
-0.505051 -1.61616
-0.505051 -1.41414
-0.505051 -1.21212
-0.505051 -1.0101
-0.505051 -0.808081
-0.505051 -0.606061
-0.505051 -0.40404
-0.505051 -0.20202
-0.505051 0
-0.505051 0.20202
-0.505051 0.40404
-0.505051 0.606061
-0.505051 0.808081
-0.505051 1.0101
-0.505051 1.21212
-0.505051 1.41414
-0.505051 1.61616
-0.505051 1.81818
-0.505051 2.0202
-0.505051 2.22222
-0.505051 2.42424
-0.505051 2.62626
-0.505051 2.82828
-0.505051 3.0303
-0.505051 3.23232
-0.505051 3.43434
-0.505051 3.63636
-0.505051 3.83838
-0.505051 4.0404
-0.505051 4.24242
-0.505051 4.44444
-0.505051 4.64646
-0.505051 4.84848
-0.505051 5.05051
-0.505051 5.25253
-0.505051 5.45455
-0.505051 5.65657
-0.505051 5.85859
-0.505051 6.06061
-0.505051 6.26263
-0.505051 6.46465
-0.505051 6.66667
-0.505051 6.86869
-0.505051 7.07071
-0.505051 7.27273
-0.505051 7.47475
-0.505051 7.67677
-0.505051 7.87879
-0.505051 8.08081
-0.505051 8.28283
-0.505051 8.48485
-0.505051 8.68687
-0.505051 8.88889
-0.505051 9.09091
-0.505051 9.29293
-0.505051 9.49495
-0.505051 9.69697
-0.505051 9.89899
0.30303 -9.89899
0.30303 -9.69697
0.30303 -9.49495
0.30303 -9.29293
0.30303 -9.09091
0.30303 -8.88889
0.30303 -8.68687
0.30303 -8.48485
0.30303 -8.28283
0.30303 -8.08081
0.30303 -7.87879
0.30303 -7.67677
0.30303 -7.47475
0.30303 -7.27273
0.30303 -7.07071
0.30303 -6.86869
0.30303 -6.66667
0.30303 -6.46465
0.30303 -6.26263
0.30303 -6.06061
0.30303 -5.85859
0.30303 -5.65657
0.30303 -5.45455
0.30303 -5.25253
0.30303 -5.05051
0.30303 -4.84848
0.30303 -4.64646
0.30303 -4.44444
0.30303 -4.24242
0.30303 -4.0404
0.30303 -3.83838
0.30303 -3.63636
0.30303 -3.43434
0.30303 -3.23232
0.30303 -3.0303
0.30303 -2.82828
0.30303 -2.62626
0.30303 -2.42424
0.30303 -2.22222
0.30303 -2.0202
0.30303 -1.81818
0.30303 -1.61616
0.30303 -1.41414
0.30303 -1.21212
0.30303 -1.0101
0.30303 -0.808081
0.30303 -0.606061
0.30303 -0.40404
0.30303 -0.20202
0.30303 0
0.30303 0.20202
0.30303 0.40404
0.30303 0.606061
0.30303 0.808081
0.30303 1.0101
0.30303 1.21212
0.30303 1.41414
0.30303 1.61616
0.30303 1.81818
0.30303 2.0202
0.30303 2.22222
0.30303 2.42424
0.30303 2.62626
0.30303 2.82828
0.30303 3.0303
0.30303 3.23232
0.30303 3.43434
0.30303 3.63636
0.30303 3.83838
0.30303 4.0404
0.30303 4.24242
0.30303 4.44444
0.30303 4.64646
0.30303 4.84848
0.30303 5.05051
0.30303 5.25253
0.30303 5.45455
0.30303 5.65657
0.30303 5.85859
0.30303 6.06061
0.30303 6.26263
0.30303 6.46465
0.30303 6.66667
0.30303 6.86869
0.30303 7.07071
0.30303 7.27273
0.30303 7.47475
0.30303 7.67677
0.30303 7.87879
0.30303 8.08081
0.30303 8.28283
0.30303 8.48485
0.30303 8.68687
0.30303 8.88889
0.30303 9.09091
0.30303 9.29293
0.30303 9.49495
0.30303 9.69697
0.30303 9.89899
0.505051 -9.89899
0.505051 -9.69697
0.505051 -9.49495
0.505051 -9.29293
0.505051 -9.09091
0.505051 -8.88889
0.505051 -8.68687
0.505051 -8.48485
0.505051 -8.28283
0.505051 -8.08081
0.505051 -7.87879
0.505051 -7.67677
0.505051 -7.47475
0.505051 -7.27273
0.505051 -7.07071
0.505051 -6.86869
0.505051 -6.66667
0.505051 -6.46465
0.505051 -6.26263
0.505051 -6.06061
0.505051 -5.85859
0.505051 -5.65657
0.505051 -5.45455
0.505051 -5.25253
0.505051 -5.05051
0.505051 -4.84848
0.505051 -4.64646
0.505051 -4.44444
0.505051 -4.24242
0.505051 -4.0404
0.505051 -3.83838
0.505051 -3.63636
0.505051 -3.43434
0.505051 -3.23232
0.505051 -3.0303
0.505051 -2.82828
0.505051 -2.62626
0.505051 -2.42424
0.505051 -2.22222
0.505051 -2.0202
0.505051 -1.81818
0.505051 -1.61616
0.505051 -1.41414
0.505051 -1.21212
0.505051 -1.0101
0.505051 -0.808081
0.505051 -0.606061
0.505051 -0.40404
0.505051 -0.20202
0.505051 0
0.505051 0.20202
0.505051 0.40404
0.505051 0.606061
0.505051 0.808081
0.505051 1.0101
0.505051 1.21212
0.505051 1.41414
0.505051 1.61616
0.505051 1.81818
0.505051 2.0202
0.505051 2.22222
0.505051 2.42424
0.505051 2.62626
0.505051 2.82828
0.505051 3.0303
0.505051 3.23232
0.505051 3.43434
0.505051 3.63636
0.505051 3.83838
0.505051 4.0404
0.505051 4.24242
0.505051 4.44444
0.505051 4.64646
0.505051 4.84848
0.505051 5.05051
0.505051 5.25253
0.505051 5.45455
0.505051 5.65657
0.505051 5.85859
0.505051 6.06061
0.505051 6.26263
0.505051 6.46465
0.505051 6.66667
0.505051 6.86869
0.505051 7.07071
0.505051 7.27273
0.505051 7.47475
0.505051 7.67677
0.505051 7.87879
0.505051 8.08081
0.505051 8.28283
0.505051 8.48485
0.505051 8.68687
0.505051 8.88889
0.505051 9.09091
0.505051 9.29293
0.505051 9.49495
0.505051 9.69697
0.505051 9.89899
0.707071 -9.89899
0.707071 -9.69697
0.707071 -9.49495
0.707071 -9.29293
0.707071 -9.09091
0.707071 -8.88889
0.707071 -8.68687
0.707071 -8.48485
0.707071 -8.28283
0.707071 -8.08081
0.707071 -7.87879
0.707071 -7.67677
0.707071 -7.47475
0.707071 -7.27273
0.707071 -7.07071
0.707071 -6.86869
0.707071 -6.66667
0.707071 -6.46465
0.707071 -6.26263
0.707071 -6.06061
0.707071 -5.85859
0.707071 -5.65657
0.707071 -5.45455
0.707071 -5.25253
0.707071 -5.05051
0.707071 -4.84848
0.707071 -4.64646
0.707071 -4.44444
0.707071 -4.24242
0.707071 -4.0404
0.707071 -3.83838
0.707071 -3.63636
0.707071 -3.43434
0.707071 -3.23232
0.707071 -3.0303
0.707071 -2.82828
0.707071 -2.62626
0.707071 -2.42424
0.707071 -2.22222
0.707071 -2.0202
0.707071 -1.81818
0.707071 -1.61616
0.707071 -1.41414
0.707071 -1.21212
0.707071 -1.0101
0.707071 -0.808081
0.707071 -0.606061
0.707071 -0.40404
0.707071 -0.20202
0.707071 0
0.707071 0.20202
0.707071 0.40404
0.707071 0.606061
0.707071 0.808081
0.707071 1.0101
0.707071 1.21212
0.707071 1.41414
0.707071 1.61616
0.707071 1.81818
0.707071 2.0202
0.707071 2.22222
0.707071 2.42424
0.707071 2.62626
0.707071 2.82828
0.707071 3.0303
0.707071 3.23232
0.707071 3.43434
0.707071 3.63636
0.707071 3.83838
0.707071 4.0404
0.707071 4.24242
0.707071 4.44444
0.707071 4.64646
0.707071 4.84848
0.707071 5.05051
0.707071 5.25253
0.707071 5.45455
0.707071 5.65657
0.707071 5.85859
0.707071 6.06061
0.707071 6.26263
0.707071 6.46465
0.707071 6.66667
0.707071 6.86869
0.707071 7.07071
0.707071 7.27273
0.707071 7.47475
0.707071 7.67677
0.707071 7.87879
0.707071 8.08081
0.707071 8.28283
0.707071 8.48485
0.707071 8.68687
0.707071 8.88889
0.707071 9.09091
0.707071 9.29293
0.707071 9.49495
0.707071 9.69697
0.707071 9.89899
0.909091 -9.89899
0.909091 -9.69697
0.909091 -9.49495
0.909091 -9.29293
0.909091 -9.09091
0.909091 -8.88889
0.909091 -8.68687
0.909091 -8.48485
0.909091 -8.28283
0.909091 -8.08081
0.909091 -7.87879
0.909091 -7.67677
0.909091 -7.47475
0.909091 -7.27273
0.909091 -7.07071
0.909091 -6.86869
0.909091 -6.66667
0.909091 -6.46465
0.909091 -6.26263
0.909091 -6.06061
0.909091 -5.85859
0.909091 -5.65657
0.909091 -5.45455
0.909091 -5.25253
0.909091 -5.05051
0.909091 -4.84848
0.909091 -4.64646
0.909091 -4.44444
0.909091 -4.24242
0.909091 -4.0404
0.909091 -3.83838
0.909091 -3.63636
0.909091 -3.43434
0.909091 -3.23232
0.909091 -3.0303
0.909091 -2.82828
0.909091 -2.62626
0.909091 -2.42424
0.909091 -2.22222
0.909091 -2.0202
0.909091 -1.81818
0.909091 -1.61616
0.909091 -1.41414
0.909091 -1.21212
0.909091 -1.0101
0.909091 -0.808081
0.909091 -0.606061
0.909091 -0.40404
0.909091 -0.20202
0.909091 0
0.909091 0.20202
0.909091 0.40404
0.909091 0.606061
0.909091 0.808081
0.909091 1.0101
0.909091 1.21212
0.909091 1.41414
0.909091 1.61616
0.909091 1.81818
0.909091 2.0202
0.909091 2.22222
0.909091 2.42424
0.909091 2.62626
0.909091 2.82828
0.909091 3.0303
0.909091 3.23232
0.909091 3.43434
0.909091 3.63636
0.909091 3.83838
0.909091 4.0404
0.909091 4.24242
0.909091 4.44444
0.909091 4.64646
0.909091 4.84848
0.909091 5.05051
0.909091 5.25253
0.909091 5.45455
0.909091 5.65657
0.909091 5.85859
0.909091 6.06061
0.909091 6.26263
0.909091 6.46465
0.909091 6.66667
0.909091 6.86869
0.909091 7.07071
0.909091 7.27273
0.909091 7.47475
0.909091 7.67677
0.909091 7.87879
0.909091 8.08081
0.909091 8.28283
0.909091 8.48485
0.909091 8.68687
0.909091 8.88889
0.909091 9.09091
0.909091 9.29293
0.909091 9.49495
0.909091 9.69697
0.909091 9.89899
1.11111 -9.89899
1.11111 -9.69697
1.11111 -9.49495
1.11111 -9.29293
1.11111 -9.09091
1.11111 -8.88889
1.11111 -8.68687
1.11111 -8.48485
1.11111 -8.28283
1.11111 -8.08081
1.11111 -7.87879
1.11111 -7.67677
1.11111 -7.47475
1.11111 -7.27273
1.11111 -7.07071
1.11111 -6.86869
1.11111 -6.66667
1.11111 -6.46465
1.11111 -6.26263
1.11111 -6.06061
1.11111 -5.85859
1.11111 -5.65657
1.11111 -5.45455
1.11111 -5.25253
1.11111 -5.05051
1.11111 -4.84848
1.11111 -4.64646
1.11111 -4.44444
1.11111 -4.24242
1.11111 -4.0404
1.11111 -3.83838
1.11111 -3.63636
1.11111 -3.43434
1.11111 -3.23232
1.11111 -3.0303
1.11111 -2.82828
1.11111 -2.62626
1.11111 -2.42424
1.11111 -2.22222
1.11111 -2.0202
1.11111 -1.81818
1.11111 -1.61616
1.11111 -1.41414
1.11111 -1.21212
1.11111 -1.0101
1.11111 -0.808081
1.11111 -0.606061
1.11111 -0.40404
1.11111 -0.20202
1.11111 0
1.11111 0.20202
1.11111 0.40404
1.11111 0.606061
1.11111 0.808081
1.11111 1.0101
1.11111 1.21212
1.11111 1.41414
1.11111 1.61616
1.11111 1.81818
1.11111 2.0202
1.11111 2.22222
1.11111 2.42424
1.11111 2.62626
1.11111 2.82828
1.11111 3.0303
1.11111 3.23232
1.11111 3.43434
1.11111 3.63636
1.11111 3.83838
1.11111 4.0404
1.11111 4.24242
1.11111 4.44444
1.11111 4.64646
1.11111 4.84848
1.11111 5.05051
1.11111 5.25253
1.11111 5.45455
1.11111 5.65657
1.11111 5.85859
1.11111 6.06061
1.11111 6.26263
1.11111 6.46465
1.11111 6.66667
1.11111 6.86869
1.11111 7.07071
1.11111 7.27273
1.11111 7.47475
1.11111 7.67677
1.11111 7.87879
1.11111 8.08081
1.11111 8.28283
1.11111 8.48485
1.11111 8.68687
1.11111 8.88889
1.11111 9.09091
1.11111 9.29293
1.11111 9.49495
1.11111 9.69697
1.11111 9.89899
