-1 -1.22465e-16
-0.998047 -0.00613588
-0.996094 -0.0122715
-0.994141 -0.0184067
-0.992188 -0.0245412
-0.990234 -0.0306748
-0.988281 -0.0368072
-0.986328 -0.0429383
-0.984375 -0.0490677
-0.982422 -0.0551952
-0.980469 -0.0613207
-0.978516 -0.0674439
-0.976562 -0.0735646
-0.974609 -0.0796824
-0.972656 -0.0857973
-0.970703 -0.091909
-0.96875 -0.0980171
-0.966797 -0.104122
-0.964844 -0.110222
-0.962891 -0.116319
-0.960938 -0.122411
-0.958984 -0.128498
-0.957031 -0.134581
-0.955078 -0.140658
-0.953125 -0.14673
-0.951172 -0.152797
-0.949219 -0.158858
-0.947266 -0.164913
-0.945312 -0.170962
-0.943359 -0.177004
-0.941406 -0.18304
-0.939453 -0.189069
-0.9375 -0.19509
-0.935547 -0.201105
-0.933594 -0.207111
-0.931641 -0.21311
-0.929688 -0.219101
-0.927734 -0.225084
-0.925781 -0.231058
-0.923828 -0.237024
-0.921875 -0.24298
-0.919922 -0.248928
-0.917969 -0.254866
-0.916016 -0.260794
-0.914062 -0.266713
-0.912109 -0.272621
-0.910156 -0.27852
-0.908203 -0.284408
-0.90625 -0.290285
-0.904297 -0.296151
-0.902344 -0.302006
-0.900391 -0.30785
-0.898438 -0.313682
-0.896484 -0.319502
-0.894531 -0.32531
-0.892578 -0.331106
-0.890625 -0.33689
-0.888672 -0.342661
-0.886719 -0.348419
-0.884766 -0.354164
-0.882812 -0.359895
-0.880859 -0.365613
-0.878906 -0.371317
-0.876953 -0.377007
-0.875 -0.382683
-0.873047 -0.388345
-0.871094 -0.393992
-0.869141 -0.399624
-0.867188 -0.405241
-0.865234 -0.410843
-0.863281 -0.41643
-0.861328 -0.422
-0.859375 -0.427555
-0.857422 -0.433094
-0.855469 -0.438616
-0.853516 -0.444122
-0.851562 -0.449611
-0.849609 -0.455084
-0.847656 -0.460539
-0.845703 -0.465976
-0.84375 -0.471397
-0.841797 -0.476799
-0.839844 -0.482184
-0.837891 -0.48755
-0.835938 -0.492898
-0.833984 -0.498228
-0.832031 -0.503538
-0.830078 -0.50883
-0.828125 -0.514103
-0.826172 -0.519356
-0.824219 -0.52459
-0.822266 -0.529804
-0.820312 -0.534998
-0.818359 -0.540171
-0.816406 -0.545325
-0.814453 -0.550458
-0.8125 -0.55557
-0.810547 -0.560662
-0.808594 -0.565732
-0.806641 -0.570781
-0.804688 -0.575808
-0.802734 -0.580814
-0.800781 -0.585798
-0.798828 -0.59076
-0.796875 -0.595699
-0.794922 -0.600616
-0.792969 -0.605511
-0.791016 -0.610383
-0.789062 -0.615232
-0.787109 -0.620057
-0.785156 -0.624859
-0.783203 -0.629638
-0.78125 -0.634393
-0.779297 -0.639124
-0.777344 -0.643832
-0.775391 -0.648514
-0.773438 -0.653173
-0.771484 -0.657807
-0.769531 -0.662416
-0.767578 -0.667
-0.765625 -0.671559
-0.763672 -0.676093
-0.761719 -0.680601
-0.759766 -0.685084
-0.757812 -0.689541
-0.755859 -0.693971
-0.753906 -0.698376
-0.751953 -0.702755
-0.75 -0.707107
-0.748047 -0.711432
-0.746094 -0.715731
-0.744141 -0.720003
-0.742188 -0.724247
-0.740234 -0.728464
-0.738281 -0.732654
-0.736328 -0.736817
-0.734375 -0.740951
-0.732422 -0.745058
-0.730469 -0.749136
-0.728516 -0.753187
-0.726562 -0.757209
-0.724609 -0.761202
-0.722656 -0.765167
-0.720703 -0.769103
-0.71875 -0.77301
-0.716797 -0.776888
-0.714844 -0.780737
-0.712891 -0.784557
-0.710938 -0.788346
-0.708984 -0.792107
-0.707031 -0.795837
-0.705078 -0.799537
-0.703125 -0.803208
-0.701172 -0.806848
-0.699219 -0.810457
-0.697266 -0.814036
-0.695312 -0.817585
-0.693359 -0.821103
-0.691406 -0.824589
-0.689453 -0.828045
-0.6875 -0.83147
-0.685547 -0.834863
-0.683594 -0.838225
-0.681641 -0.841555
-0.679688 -0.844854
-0.677734 -0.84812
-0.675781 -0.851355
-0.673828 -0.854558
-0.671875 -0.857729
-0.669922 -0.860867
-0.667969 -0.863973
-0.666016 -0.867046
-0.664062 -0.870087
-0.662109 -0.873095
-0.660156 -0.87607
-0.658203 -0.879012
-0.65625 -0.881921
-0.654297 -0.884797
-0.652344 -0.88764
-0.650391 -0.890449
-0.648438 -0.893224
-0.646484 -0.895966
-0.644531 -0.898674
-0.642578 -0.901349
-0.640625 -0.903989
-0.638672 -0.906596
-0.636719 -0.909168
-0.634766 -0.911706
-0.632812 -0.91421
-0.630859 -0.916679
-0.628906 -0.919114
-0.626953 -0.921514
-0.625 -0.92388
-0.623047 -0.92621
-0.621094 -0.928506
-0.619141 -0.930767
-0.617188 -0.932993
-0.615234 -0.935184
-0.613281 -0.937339
-0.611328 -0.939459
-0.609375 -0.941544
-0.607422 -0.943593
-0.605469 -0.945607
-0.603516 -0.947586
-0.601562 -0.949528
-0.599609 -0.951435
-0.597656 -0.953306
-0.595703 -0.955141
-0.59375 -0.95694
-0.591797 -0.958703
-0.589844 -0.960431
-0.587891 -0.962121
-0.585938 -0.963776
-0.583984 -0.965394
-0.582031 -0.966976
-0.580078 -0.968522
-0.578125 -0.970031
-0.576172 -0.971504
-0.574219 -0.97294
-0.572266 -0.974339
-0.570312 -0.975702
-0.568359 -0.977028
-0.566406 -0.978317
-0.564453 -0.97957
-0.5625 -0.980785
-0.560547 -0.981964
-0.558594 -0.983105
-0.556641 -0.98421
-0.554688 -0.985278
-0.552734 -0.986308
-0.550781 -0.987301
-0.548828 -0.988258
-0.546875 -0.989177
-0.544922 -0.990058
-0.542969 -0.990903
-0.541016 -0.99171
-0.539062 -0.99248
-0.537109 -0.993212
-0.535156 -0.993907
-0.533203 -0.994565
-0.53125 -0.995185
-0.529297 -0.995767
-0.527344 -0.996313
-0.525391 -0.99682
-0.523438 -0.99729
-0.521484 -0.997723
-0.519531 -0.998118
-0.517578 -0.998476
-0.515625 -0.998795
-0.513672 -0.999078
-0.511719 -0.999322
-0.509766 -0.999529
-0.507812 -0.999699
-0.505859 -0.999831
-0.503906 -0.999925
-0.501953 -0.999981
-0.5 -1
-0.498047 -0.999981
-0.496094 -0.999925
-0.494141 -0.999831
-0.492188 -0.999699
-0.490234 -0.999529
-0.488281 -0.999322
-0.486328 -0.999078
-0.484375 -0.998795
-0.482422 -0.998476
-0.480469 -0.998118
-0.478516 -0.997723
-0.476562 -0.99729
-0.474609 -0.99682
-0.472656 -0.996313
-0.470703 -0.995767
-0.46875 -0.995185
-0.466797 -0.994565
-0.464844 -0.993907
-0.462891 -0.993212
-0.460938 -0.99248
-0.458984 -0.99171
-0.457031 -0.990903
-0.455078 -0.990058
-0.453125 -0.989177
-0.451172 -0.988258
-0.449219 -0.987301
-0.447266 -0.986308
-0.445312 -0.985278
-0.443359 -0.98421
-0.441406 -0.983105
-0.439453 -0.981964
-0.4375 -0.980785
-0.435547 -0.97957
-0.433594 -0.978317
-0.431641 -0.977028
-0.429688 -0.975702
-0.427734 -0.974339
-0.425781 -0.97294
-0.423828 -0.971504
-0.421875 -0.970031
-0.419922 -0.968522
-0.417969 -0.966976
-0.416016 -0.965394
-0.414062 -0.963776
-0.412109 -0.962121
-0.410156 -0.960431
-0.408203 -0.958703
-0.40625 -0.95694
-0.404297 -0.955141
-0.402344 -0.953306
-0.400391 -0.951435
-0.398438 -0.949528
-0.396484 -0.947586
-0.394531 -0.945607
-0.392578 -0.943593
-0.390625 -0.941544
-0.388672 -0.939459
-0.386719 -0.937339
-0.384766 -0.935184
-0.382812 -0.932993
-0.380859 -0.930767
-0.378906 -0.928506
-0.376953 -0.92621
-0.375 -0.92388
-0.373047 -0.921514
-0.371094 -0.919114
-0.369141 -0.916679
-0.367188 -0.91421
-0.365234 -0.911706
-0.363281 -0.909168
-0.361328 -0.906596
-0.359375 -0.903989
-0.357422 -0.901349
-0.355469 -0.898674
-0.353516 -0.895966
-0.351562 -0.893224
-0.349609 -0.890449
-0.347656 -0.88764
-0.345703 -0.884797
-0.34375 -0.881921
-0.341797 -0.879012
-0.339844 -0.87607
-0.337891 -0.873095
-0.335938 -0.870087
-0.333984 -0.867046
-0.332031 -0.863973
-0.330078 -0.860867
-0.328125 -0.857729
-0.326172 -0.854558
-0.324219 -0.851355
-0.322266 -0.84812
-0.320312 -0.844854
-0.318359 -0.841555
-0.316406 -0.838225
-0.314453 -0.834863
-0.3125 -0.83147
-0.310547 -0.828045
-0.308594 -0.824589
-0.306641 -0.821103
-0.304688 -0.817585
-0.302734 -0.814036
-0.300781 -0.810457
-0.298828 -0.806848
-0.296875 -0.803208
-0.294922 -0.799537
-0.292969 -0.795837
-0.291016 -0.792107
-0.289062 -0.788346
-0.287109 -0.784557
-0.285156 -0.780737
-0.283203 -0.776888
-0.28125 -0.77301
-0.279297 -0.769103
-0.277344 -0.765167
-0.275391 -0.761202
-0.273438 -0.757209
-0.271484 -0.753187
-0.269531 -0.749136
-0.267578 -0.745058
-0.265625 -0.740951
-0.263672 -0.736817
-0.261719 -0.732654
-0.259766 -0.728464
-0.257812 -0.724247
-0.255859 -0.720003
-0.253906 -0.715731
-0.251953 -0.711432
-0.25 -0.707107
-0.248047 -0.702755
-0.246094 -0.698376
-0.244141 -0.693971
-0.242188 -0.689541
-0.240234 -0.685084
-0.238281 -0.680601
-0.236328 -0.676093
-0.234375 -0.671559
-0.232422 -0.667
-0.230469 -0.662416
-0.228516 -0.657807
-0.226562 -0.653173
-0.224609 -0.648514
-0.222656 -0.643832
-0.220703 -0.639124
-0.21875 -0.634393
-0.216797 -0.629638
-0.214844 -0.624859
-0.212891 -0.620057
-0.210938 -0.615232
-0.208984 -0.610383
-0.207031 -0.605511
-0.205078 -0.600616
-0.203125 -0.595699
-0.201172 -0.59076
-0.199219 -0.585798
-0.197266 -0.580814
-0.195312 -0.575808
-0.193359 -0.570781
-0.191406 -0.565732
-0.189453 -0.560662
-0.1875 -0.55557
-0.185547 -0.550458
-0.183594 -0.545325
-0.181641 -0.540171
-0.179688 -0.534998
-0.177734 -0.529804
-0.175781 -0.52459
-0.173828 -0.519356
-0.171875 -0.514103
-0.169922 -0.50883
-0.167969 -0.503538
-0.166016 -0.498228
-0.164062 -0.492898
-0.162109 -0.48755
-0.160156 -0.482184
-0.158203 -0.476799
-0.15625 -0.471397
-0.154297 -0.465976
-0.152344 -0.460539
-0.150391 -0.455084
-0.148438 -0.449611
-0.146484 -0.444122
-0.144531 -0.438616
-0.142578 -0.433094
-0.140625 -0.427555
-0.138672 -0.422
-0.136719 -0.41643
-0.134766 -0.410843
-0.132812 -0.405241
-0.130859 -0.399624
-0.128906 -0.393992
-0.126953 -0.388345
-0.125 -0.382683
-0.123047 -0.377007
-0.121094 -0.371317
-0.119141 -0.365613
-0.117188 -0.359895
-0.115234 -0.354164
-0.113281 -0.348419
-0.111328 -0.342661
-0.109375 -0.33689
-0.107422 -0.331106
-0.105469 -0.32531
-0.103516 -0.319502
-0.101562 -0.313682
-0.0996094 -0.30785
-0.0976562 -0.302006
-0.0957031 -0.296151
-0.09375 -0.290285
-0.0917969 -0.284408
-0.0898438 -0.27852
-0.0878906 -0.272621
-0.0859375 -0.266713
-0.0839844 -0.260794
-0.0820312 -0.254866
-0.0800781 -0.248928
-0.078125 -0.24298
-0.0761719 -0.237024
-0.0742188 -0.231058
-0.0722656 -0.225084
-0.0703125 -0.219101
-0.0683594 -0.21311
-0.0664062 -0.207111
-0.0644531 -0.201105
-0.0625 -0.19509
-0.0605469 -0.189069
-0.0585938 -0.18304
-0.0566406 -0.177004
-0.0546875 -0.170962
-0.0527344 -0.164913
-0.0507812 -0.158858
-0.0488281 -0.152797
-0.046875 -0.14673
-0.0449219 -0.140658
-0.0429688 -0.134581
-0.0410156 -0.128498
-0.0390625 -0.122411
-0.0371094 -0.116319
-0.0351562 -0.110222
-0.0332031 -0.104122
-0.03125 -0.0980171
-0.0292969 -0.091909
-0.0273438 -0.0857973
-0.0253906 -0.0796824
-0.0234375 -0.0735646
-0.0214844 -0.0674439
-0.0195312 -0.0613207
-0.0175781 -0.0551952
-0.015625 -0.0490677
-0.0136719 -0.0429383
-0.0117188 -0.0368072
-0.00976562 -0.0306748
-0.0078125 -0.0245412
-0.00585938 -0.0184067
-0.00390625 -0.0122715
-0.00195312 -0.00613588
0 0
0.00195312 0.00613588
0.00390625 0.0122715
0.00585938 0.0184067
0.0078125 0.0245412
0.00976562 0.0306748
0.0117188 0.0368072
0.0136719 0.0429383
0.015625 0.0490677
0.0175781 0.0551952
0.0195312 0.0613207
0.0214844 0.0674439
0.0234375 0.0735646
0.0253906 0.0796824
0.0273438 0.0857973
0.0292969 0.091909
0.03125 0.0980171
0.0332031 0.104122
0.0351562 0.110222
0.0371094 0.116319
0.0390625 0.122411
0.0410156 0.128498
0.0429688 0.134581
0.0449219 0.140658
0.046875 0.14673
0.0488281 0.152797
0.0507812 0.158858
0.0527344 0.164913
0.0546875 0.170962
0.0566406 0.177004
0.0585938 0.18304
0.0605469 0.189069
0.0625 0.19509
0.0644531 0.201105
0.0664062 0.207111
0.0683594 0.21311
0.0703125 0.219101
0.0722656 0.225084
0.0742188 0.231058
0.0761719 0.237024
0.078125 0.24298
0.0800781 0.248928
0.0820312 0.254866
0.0839844 0.260794
0.0859375 0.266713
0.0878906 0.272621
0.0898438 0.27852
0.0917969 0.284408
0.09375 0.290285
0.0957031 0.296151
0.0976562 0.302006
0.0996094 0.30785
0.101562 0.313682
0.103516 0.319502
0.105469 0.32531
0.107422 0.331106
0.109375 0.33689
0.111328 0.342661
0.113281 0.348419
0.115234 0.354164
0.117188 0.359895
0.119141 0.365613
0.121094 0.371317
0.123047 0.377007
0.125 0.382683
0.126953 0.388345
0.128906 0.393992
0.130859 0.399624
0.132812 0.405241
0.134766 0.410843
0.136719 0.41643
0.138672 0.422
0.140625 0.427555
0.142578 0.433094
0.144531 0.438616
0.146484 0.444122
0.148438 0.449611
0.150391 0.455084
0.152344 0.460539
0.154297 0.465976
0.15625 0.471397
0.158203 0.476799
0.160156 0.482184
0.162109 0.48755
0.164062 0.492898
0.166016 0.498228
0.167969 0.503538
0.169922 0.50883
0.171875 0.514103
0.173828 0.519356
0.175781 0.52459
0.177734 0.529804
0.179688 0.534998
0.181641 0.540171
0.183594 0.545325
0.185547 0.550458
0.1875 0.55557
0.189453 0.560662
0.191406 0.565732
0.193359 0.570781
0.195312 0.575808
0.197266 0.580814
0.199219 0.585798
0.201172 0.59076
0.203125 0.595699
0.205078 0.600616
0.207031 0.605511
0.208984 0.610383
0.210938 0.615232
0.212891 0.620057
0.214844 0.624859
0.216797 0.629638
0.21875 0.634393
0.220703 0.639124
0.222656 0.643832
0.224609 0.648514
0.226562 0.653173
0.228516 0.657807
0.230469 0.662416
0.232422 0.667
0.234375 0.671559
0.236328 0.676093
0.238281 0.680601
0.240234 0.685084
0.242188 0.689541
0.244141 0.693971
0.246094 0.698376
0.248047 0.702755
0.25 0.707107
0.251953 0.711432
0.253906 0.715731
0.255859 0.720003
0.257812 0.724247
0.259766 0.728464
0.261719 0.732654
0.263672 0.736817
0.265625 0.740951
0.267578 0.745058
0.269531 0.749136
0.271484 0.753187
0.273438 0.757209
0.275391 0.761202
0.277344 0.765167
0.279297 0.769103
0.28125 0.77301
0.283203 0.776888
0.285156 0.780737
0.287109 0.784557
0.289062 0.788346
0.291016 0.792107
0.292969 0.795837
0.294922 0.799537
0.296875 0.803208
0.298828 0.806848
0.300781 0.810457
0.302734 0.814036
0.304688 0.817585
0.306641 0.821103
0.308594 0.824589
0.310547 0.828045
0.3125 0.83147
0.314453 0.834863
0.316406 0.838225
0.318359 0.841555
0.320312 0.844854
0.322266 0.84812
0.324219 0.851355
0.326172 0.854558
0.328125 0.857729
0.330078 0.860867
0.332031 0.863973
0.333984 0.867046
0.335938 0.870087
0.337891 0.873095
0.339844 0.87607
0.341797 0.879012
0.34375 0.881921
0.345703 0.884797
0.347656 0.88764
0.349609 0.890449
0.351562 0.893224
0.353516 0.895966
0.355469 0.898674
0.357422 0.901349
0.359375 0.903989
0.361328 0.906596
0.363281 0.909168
0.365234 0.911706
0.367188 0.91421
0.369141 0.916679
0.371094 0.919114
0.373047 0.921514
0.375 0.92388
0.376953 0.92621
0.378906 0.928506
0.380859 0.930767
0.382812 0.932993
0.384766 0.935184
0.386719 0.937339
0.388672 0.939459
0.390625 0.941544
0.392578 0.943593
0.394531 0.945607
0.396484 0.947586
0.398438 0.949528
0.400391 0.951435
0.402344 0.953306
0.404297 0.955141
0.40625 0.95694
0.408203 0.958703
0.410156 0.960431
0.412109 0.962121
0.414062 0.963776
0.416016 0.965394
0.417969 0.966976
0.419922 0.968522
0.421875 0.970031
0.423828 0.971504
0.425781 0.97294
0.427734 0.974339
0.429688 0.975702
0.431641 0.977028
0.433594 0.978317
0.435547 0.97957
0.4375 0.980785
0.439453 0.981964
0.441406 0.983105
0.443359 0.98421
0.445312 0.985278
0.447266 0.986308
0.449219 0.987301
0.451172 0.988258
0.453125 0.989177
0.455078 0.990058
0.457031 0.990903
0.458984 0.99171
0.460938 0.99248
0.462891 0.993212
0.464844 0.993907
0.466797 0.994565
0.46875 0.995185
0.470703 0.995767
0.472656 0.996313
0.474609 0.99682
0.476562 0.99729
0.478516 0.997723
0.480469 0.998118
0.482422 0.998476
0.484375 0.998795
0.486328 0.999078
0.488281 0.999322
0.490234 0.999529
0.492188 0.999699
0.494141 0.999831
0.496094 0.999925
0.498047 0.999981
0.5 1
0.501953 0.999981
0.503906 0.999925
0.505859 0.999831
0.507812 0.999699
0.509766 0.999529
0.511719 0.999322
0.513672 0.999078
0.515625 0.998795
0.517578 0.998476
0.519531 0.998118
0.521484 0.997723
0.523438 0.99729
0.525391 0.99682
0.527344 0.996313
0.529297 0.995767
0.53125 0.995185
0.533203 0.994565
0.535156 0.993907
0.537109 0.993212
0.539062 0.99248
0.541016 0.99171
0.542969 0.990903
0.544922 0.990058
0.546875 0.989177
0.548828 0.988258
0.550781 0.987301
0.552734 0.986308
0.554688 0.985278
0.556641 0.98421
0.558594 0.983105
0.560547 0.981964
0.5625 0.980785
0.564453 0.97957
0.566406 0.978317
0.568359 0.977028
0.570312 0.975702
0.572266 0.974339
0.574219 0.97294
0.576172 0.971504
0.578125 0.970031
0.580078 0.968522
0.582031 0.966976
0.583984 0.965394
0.585938 0.963776
0.587891 0.962121
0.589844 0.960431
0.591797 0.958703
0.59375 0.95694
0.595703 0.955141
0.597656 0.953306
0.599609 0.951435
0.601562 0.949528
0.603516 0.947586
0.605469 0.945607
0.607422 0.943593
0.609375 0.941544
0.611328 0.939459
0.613281 0.937339
0.615234 0.935184
0.617188 0.932993
0.619141 0.930767
0.621094 0.928506
0.623047 0.92621
0.625 0.92388
0.626953 0.921514
0.628906 0.919114
0.630859 0.916679
0.632812 0.91421
0.634766 0.911706
0.636719 0.909168
0.638672 0.906596
0.640625 0.903989
0.642578 0.901349
0.644531 0.898674
0.646484 0.895966
0.648438 0.893224
0.650391 0.890449
0.652344 0.88764
0.654297 0.884797
0.65625 0.881921
0.658203 0.879012
0.660156 0.87607
0.662109 0.873095
0.664062 0.870087
0.666016 0.867046
0.667969 0.863973
0.669922 0.860867
0.671875 0.857729
0.673828 0.854558
0.675781 0.851355
0.677734 0.84812
0.679688 0.844854
0.681641 0.841555
0.683594 0.838225
0.685547 0.834863
0.6875 0.83147
0.689453 0.828045
0.691406 0.824589
0.693359 0.821103
0.695312 0.817585
0.697266 0.814036
0.699219 0.810457
0.701172 0.806848
0.703125 0.803208
0.705078 0.799537
0.707031 0.795837
0.708984 0.792107
0.710938 0.788346
0.712891 0.784557
0.714844 0.780737
0.716797 0.776888
0.71875 0.77301
0.720703 0.769103
0.722656 0.765167
0.724609 0.761202
0.726562 0.757209
0.728516 0.753187
0.730469 0.749136
0.732422 0.745058
0.734375 0.740951
0.736328 0.736817
0.738281 0.732654
0.740234 0.728464
0.742188 0.724247
0.744141 0.720003
0.746094 0.715731
0.748047 0.711432
0.75 0.707107
0.751953 0.702755
0.753906 0.698376
0.755859 0.693971
0.757812 0.689541
0.759766 0.685084
0.761719 0.680601
0.763672 0.676093
0.765625 0.671559
0.767578 0.667
0.769531 0.662416
0.771484 0.657807
0.773438 0.653173
0.775391 0.648514
0.777344 0.643832
0.779297 0.639124
0.78125 0.634393
0.783203 0.629638
0.785156 0.624859
0.787109 0.620057
0.789062 0.615232
0.791016 0.610383
0.792969 0.605511
0.794922 0.600616
0.796875 0.595699
0.798828 0.59076
0.800781 0.585798
0.802734 0.580814
0.804688 0.575808
0.806641 0.570781
0.808594 0.565732
0.810547 0.560662
0.8125 0.55557
0.814453 0.550458
0.816406 0.545325
0.818359 0.540171
0.820312 0.534998
0.822266 0.529804
0.824219 0.52459
0.826172 0.519356
0.828125 0.514103
0.830078 0.50883
0.832031 0.503538
0.833984 0.498228
0.835938 0.492898
0.837891 0.48755
0.839844 0.482184
0.841797 0.476799
0.84375 0.471397
0.845703 0.465976
0.847656 0.460539
0.849609 0.455084
0.851562 0.449611
0.853516 0.444122
0.855469 0.438616
0.857422 0.433094
0.859375 0.427555
0.861328 0.422
0.863281 0.41643
0.865234 0.410843
0.867188 0.405241
0.869141 0.399624
0.871094 0.393992
0.873047 0.388345
0.875 0.382683
0.876953 0.377007
0.878906 0.371317
0.880859 0.365613
0.882812 0.359895
0.884766 0.354164
0.886719 0.348419
0.888672 0.342661
0.890625 0.33689
0.892578 0.331106
0.894531 0.32531
0.896484 0.319502
0.898438 0.313682
0.900391 0.30785
0.902344 0.302006
0.904297 0.296151
0.90625 0.290285
0.908203 0.284408
0.910156 0.27852
0.912109 0.272621
0.914062 0.266713
0.916016 0.260794
0.917969 0.254866
0.919922 0.248928
0.921875 0.24298
0.923828 0.237024
0.925781 0.231058
0.927734 0.225084
0.929688 0.219101
0.931641 0.21311
0.933594 0.207111
0.935547 0.201105
0.9375 0.19509
0.939453 0.189069
0.941406 0.18304
0.943359 0.177004
0.945312 0.170962
0.947266 0.164913
0.949219 0.158858
0.951172 0.152797
0.953125 0.14673
0.955078 0.140658
0.957031 0.134581
0.958984 0.128498
0.960938 0.122411
0.962891 0.116319
0.964844 0.110222
0.966797 0.104122
0.96875 0.0980171
0.970703 0.091909
0.972656 0.0857973
0.974609 0.0796824
0.976562 0.0735646
0.978516 0.0674439
0.980469 0.0613207
0.982422 0.0551952
0.984375 0.0490677
0.986328 0.0429383
0.988281 0.0368072
0.990234 0.0306748
0.992188 0.0245412
0.994141 0.0184067
0.996094 0.0122715
0.998047 0.00613588
1 1.22465e-16
