-1 0.000234424
-0.998047 -0.00593804
-0.996094 -0.0121084
-0.994141 -0.0182765
-0.992188 -0.0244421
-0.990234 -0.030605
-0.988281 -0.0367652
-0.986328 -0.0429223
-0.984375 -0.0490763
-0.982422 -0.0552269
-0.980469 -0.061374
-0.978516 -0.0675173
-0.976562 -0.0736567
-0.974609 -0.079792
-0.972656 -0.0859231
-0.970703 -0.0920496
-0.96875 -0.0981715
-0.966797 -0.104289
-0.964844 -0.110401
-0.962891 -0.116507
-0.960938 -0.122609
-0.958984 -0.128705
-0.957031 -0.134795
-0.955078 -0.140879
-0.953125 -0.146956
-0.951172 -0.153028
-0.949219 -0.159093
-0.947266 -0.165151
-0.945312 -0.171202
-0.943359 -0.177246
-0.941406 -0.183282
-0.939453 -0.189311
-0.9375 -0.195333
-0.935547 -0.201346
-0.933594 -0.207351
-0.931641 -0.213348
-0.929688 -0.219336
-0.927734 -0.225316
-0.925781 -0.231287
-0.923828 -0.237248
-0.921875 -0.2432
-0.919922 -0.249143
-0.917969 -0.255076
-0.916016 -0.260998
-0.914062 -0.266911
-0.912109 -0.272814
-0.910156 -0.278705
-0.908203 -0.284587
-0.90625 -0.290457
-0.904297 -0.296316
-0.902344 -0.302163
-0.900391 -0.307999
-0.898438 -0.313824
-0.896484 -0.319636
-0.894531 -0.325436
-0.892578 -0.331224
-0.890625 -0.336999
-0.888672 -0.342762
-0.886719 -0.348511
-0.884766 -0.354247
-0.882812 -0.35997
-0.880859 -0.365679
-0.878906 -0.371375
-0.876953 -0.377056
-0.875 -0.382724
-0.873047 -0.388376
-0.871094 -0.394015
-0.869141 -0.399638
-0.867188 -0.405247
-0.865234 -0.41084
-0.863281 -0.416418
-0.861328 -0.42198
-0.859375 -0.427526
-0.857422 -0.433057
-0.855469 -0.438571
-0.853516 -0.444069
-0.851562 -0.44955
-0.849609 -0.455014
-0.847656 -0.460462
-0.845703 -0.465892
-0.84375 -0.471304
-0.841797 -0.476699
-0.839844 -0.482077
-0.837891 -0.487436
-0.835938 -0.492777
-0.833984 -0.4981
-0.832031 -0.503404
-0.830078 -0.508689
-0.828125 -0.513955
-0.826172 -0.519202
-0.824219 -0.52443
-0.822266 -0.529638
-0.820312 -0.534827
-0.818359 -0.539995
-0.816406 -0.545144
-0.814453 -0.550271
-0.8125 -0.555379
-0.810547 -0.560466
-0.808594 -0.565531
-0.806641 -0.570576
-0.804688 -0.575599
-0.802734 -0.580601
-0.800781 -0.585582
-0.798828 -0.59054
-0.796875 -0.595476
-0.794922 -0.60039
-0.792969 -0.605282
-0.791016 -0.610151
-0.789062 -0.614998
-0.787109 -0.619821
-0.785156 -0.624621
-0.783203 -0.629398
-0.78125 -0.634151
-0.779297 -0.638881
-0.777344 -0.643587
-0.775391 -0.648269
-0.773438 -0.652926
-0.771484 -0.657559
-0.769531 -0.662168
-0.767578 -0.666752
-0.765625 -0.671311
-0.763672 -0.675845
-0.761719 -0.680353
-0.759766 -0.684836
-0.757812 -0.689294
-0.755859 -0.693725
-0.753906 -0.698131
-0.751953 -0.702511
-0.75 -0.706864
-0.748047 -0.711191
-0.746094 -0.715491
-0.744141 -0.719765
-0.742188 -0.724011
-0.740234 -0.728231
-0.738281 -0.732423
-0.736328 -0.736588
-0.734375 -0.740725
-0.732422 -0.744834
-0.730469 -0.748915
-0.728516 -0.752969
-0.726562 -0.756994
-0.724609 -0.760991
-0.722656 -0.764959
-0.720703 -0.768899
-0.71875 -0.772809
-0.716797 -0.776691
-0.714844 -0.780544
-0.712891 -0.784367
-0.710938 -0.788161
-0.708984 -0.791925
-0.707031 -0.79566
-0.705078 -0.799365
-0.703125 -0.80304
-0.701172 -0.806684
-0.699219 -0.810299
-0.697266 -0.813882
-0.695312 -0.817436
-0.693359 -0.820958
-0.691406 -0.82445
-0.689453 -0.827911
-0.6875 -0.831341
-0.685547 -0.834739
-0.683594 -0.838106
-0.681641 -0.841442
-0.679688 -0.844746
-0.677734 -0.848018
-0.675781 -0.851258
-0.673828 -0.854467
-0.671875 -0.857643
-0.669922 -0.860787
-0.667969 -0.863898
-0.666016 -0.866977
-0.664062 -0.870024
-0.662109 -0.873038
-0.660156 -0.876018
-0.658203 -0.878966
-0.65625 -0.881881
-0.654297 -0.884763
-0.652344 -0.887611
-0.650391 -0.890426
-0.648438 -0.893207
-0.646484 -0.895955
-0.644531 -0.898669
-0.642578 -0.901349
-0.640625 -0.903996
-0.638672 -0.906608
-0.636719 -0.909186
-0.634766 -0.91173
-0.632812 -0.914239
-0.630859 -0.916714
-0.628906 -0.919154
-0.626953 -0.92156
-0.625 -0.923931
-0.623047 -0.926268
-0.621094 -0.928569
-0.619141 -0.930835
-0.617188 -0.933067
-0.615234 -0.935263
-0.613281 -0.937424
-0.611328 -0.939549
-0.609375 -0.941639
-0.607422 -0.943694
-0.605469 -0.945713
-0.603516 -0.947696
-0.601562 -0.949644
-0.599609 -0.951555
-0.597656 -0.953431
-0.595703 -0.955271
-0.59375 -0.957075
-0.591797 -0.958843
-0.589844 -0.960575
-0.587891 -0.96227
-0.585938 -0.963929
-0.583984 -0.965552
-0.582031 -0.967138
-0.580078 -0.968688
-0.578125 -0.970201
-0.576172 -0.971678
-0.574219 -0.973118
-0.572266 -0.974522
-0.570312 -0.975888
-0.568359 -0.977218
-0.566406 -0.978511
-0.564453 -0.979767
-0.5625 -0.980985
-0.560547 -0.982167
-0.558594 -0.983312
-0.556641 -0.98442
-0.554688 -0.985491
-0.552734 -0.986524
-0.550781 -0.98752
-0.548828 -0.988479
-0.546875 -0.989401
-0.544922 -0.990285
-0.542969 -0.991132
-0.541016 -0.991941
-0.539062 -0.992713
-0.537109 -0.993448
-0.535156 -0.994145
-0.533203 -0.994804
-0.53125 -0.995426
-0.529297 -0.996011
-0.527344 -0.996557
-0.525391 -0.997067
-0.523438 -0.997538
-0.521484 -0.997972
-0.519531 -0.998368
-0.517578 -0.998727
-0.515625 -0.999048
-0.513672 -0.999331
-0.511719 -0.999576
-0.509766 -0.999784
-0.507812 -0.999954
-0.505859 -1.00009
-0.503906 -1.00018
-0.501953 -1.00024
-0.5 -1.00026
-0.498047 -1.00024
-0.496094 -1.00018
-0.494141 -1.00009
-0.492188 -0.999954
-0.490234 -0.999784
-0.488281 -0.999577
-0.486328 -0.999331
-0.484375 -0.999048
-0.482422 -0.998728
-0.480469 -0.998369
-0.478516 -0.997973
-0.476562 -0.997539
-0.474609 -0.997068
-0.472656 -0.996559
-0.470703 -0.996012
-0.46875 -0.995428
-0.466797 -0.994806
-0.464844 -0.994147
-0.462891 -0.99345
-0.460938 -0.992716
-0.458984 -0.991944
-0.457031 -0.991135
-0.455078 -0.990288
-0.453125 -0.989405
-0.451172 -0.988483
-0.449219 -0.987525
-0.447266 -0.986529
-0.445312 -0.985496
-0.443359 -0.984426
-0.441406 -0.983318
-0.439453 -0.982174
-0.4375 -0.980992
-0.435547 -0.979774
-0.433594 -0.978518
-0.431641 -0.977226
-0.429688 -0.975897
-0.427734 -0.974531
-0.425781 -0.973128
-0.423828 -0.971688
-0.421875 -0.970212
-0.419922 -0.968699
-0.417969 -0.96715
-0.416016 -0.965564
-0.414062 -0.963942
-0.412109 -0.962284
-0.410156 -0.960589
-0.408203 -0.958858
-0.40625 -0.957091
-0.404297 -0.955288
-0.402344 -0.953449
-0.400391 -0.951573
-0.398438 -0.949662
-0.396484 -0.947716
-0.394531 -0.945733
-0.392578 -0.943715
-0.390625 -0.941661
-0.388672 -0.939572
-0.386719 -0.937447
-0.384766 -0.935287
-0.382812 -0.933092
-0.380859 -0.930862
-0.378906 -0.928596
-0.376953 -0.926296
-0.375 -0.92396
-0.373047 -0.92159
-0.371094 -0.919185
-0.369141 -0.916746
-0.367188 -0.914272
-0.365234 -0.911763
-0.363281 -0.909221
-0.361328 -0.906644
-0.359375 -0.904032
-0.357422 -0.901387
-0.355469 -0.898708
-0.353516 -0.895995
-0.351562 -0.893248
-0.349609 -0.890468
-0.347656 -0.887654
-0.345703 -0.884806
-0.34375 -0.881926
-0.341797 -0.879012
-0.339844 -0.876065
-0.337891 -0.873085
-0.335938 -0.870072
-0.333984 -0.867026
-0.332031 -0.863948
-0.330078 -0.860838
-0.328125 -0.857694
-0.326172 -0.854519
-0.324219 -0.851311
-0.322266 -0.848072
-0.320312 -0.8448
-0.318359 -0.841497
-0.316406 -0.838162
-0.314453 -0.834796
-0.3125 -0.831398
-0.310547 -0.827969
-0.308594 -0.824508
-0.306641 -0.821017
-0.304688 -0.817495
-0.302734 -0.813942
-0.300781 -0.810358
-0.298828 -0.806744
-0.296875 -0.8031
-0.294922 -0.799425
-0.292969 -0.79572
-0.291016 -0.791986
-0.289062 -0.788221
-0.287109 -0.784427
-0.285156 -0.780604
-0.283203 -0.776751
-0.28125 -0.772869
-0.279297 -0.768958
-0.277344 -0.765018
-0.275391 -0.761049
-0.273438 -0.757052
-0.271484 -0.753026
-0.269531 -0.748972
-0.267578 -0.74489
-0.265625 -0.740779
-0.263672 -0.736641
-0.261719 -0.732475
-0.259766 -0.728282
-0.257812 -0.724061
-0.255859 -0.719814
-0.253906 -0.715539
-0.251953 -0.711237
-0.25 -0.706908
-0.248047 -0.702553
-0.246094 -0.698172
-0.244141 -0.693764
-0.242188 -0.68933
-0.240234 -0.684871
-0.238281 -0.680385
-0.236328 -0.675874
-0.234375 -0.671338
-0.232422 -0.666776
-0.230469 -0.66219
-0.228516 -0.657579
-0.226562 -0.652942
-0.224609 -0.648282
-0.222656 -0.643597
-0.220703 -0.638888
-0.21875 -0.634155
-0.216797 -0.629398
-0.214844 -0.624617
-0.212891 -0.619813
-0.210938 -0.614986
-0.208984 -0.610136
-0.207031 -0.605262
-0.205078 -0.600366
-0.203125 -0.595448
-0.201172 -0.590507
-0.199219 -0.585544
-0.197266 -0.580559
-0.195312 -0.575552
-0.193359 -0.570524
-0.191406 -0.565474
-0.189453 -0.560403
-0.1875 -0.555311
-0.185547 -0.550198
-0.183594 -0.545065
-0.181641 -0.539911
-0.179688 -0.534737
-0.177734 -0.529543
-0.175781 -0.524329
-0.173828 -0.519095
-0.171875 -0.513842
-0.169922 -0.508569
-0.167969 -0.503277
-0.166016 -0.497967
-0.164062 -0.492638
-0.162109 -0.48729
-0.160156 -0.481924
-0.158203 -0.47654
-0.15625 -0.471139
-0.154297 -0.465719
-0.152344 -0.460282
-0.150391 -0.454828
-0.148438 -0.449357
-0.146484 -0.443869
-0.144531 -0.438364
-0.142578 -0.432843
-0.140625 -0.427305
-0.138672 -0.421752
-0.136719 -0.416183
-0.134766 -0.410598
-0.132812 -0.404998
-0.130859 -0.399382
-0.128906 -0.393752
-0.126953 -0.388107
-0.125 -0.382447
-0.123047 -0.376773
-0.121094 -0.371085
-0.119141 -0.365383
-0.117188 -0.359667
-0.115234 -0.353938
-0.113281 -0.348195
-0.111328 -0.34244
-0.109375 -0.336672
-0.107422 -0.330891
-0.105469 -0.325097
-0.103516 -0.319292
-0.101562 -0.313474
-0.0996094 -0.307645
-0.0976562 -0.301804
-0.0957031 -0.295952
-0.09375 -0.290089
-0.0917969 -0.284215
-0.0898438 -0.27833
-0.0878906 -0.272435
-0.0859375 -0.26653
-0.0839844 -0.260614
-0.0820312 -0.254689
-0.0800781 -0.248755
-0.078125 -0.242811
-0.0761719 -0.236858
-0.0742188 -0.230896
-0.0722656 -0.224925
-0.0703125 -0.218946
-0.0683594 -0.212959
-0.0664062 -0.206964
-0.0644531 -0.200961
-0.0625 -0.194951
-0.0605469 -0.188933
-0.0585938 -0.182908
-0.0566406 -0.176876
-0.0546875 -0.170838
-0.0527344 -0.164793
-0.0507812 -0.158742
-0.0488281 -0.152686
-0.046875 -0.146623
-0.0449219 -0.140555
-0.0429688 -0.134482
-0.0410156 -0.128403
-0.0390625 -0.12232
-0.0371094 -0.116233
-0.0351562 -0.110141
-0.0332031 -0.104044
-0.03125 -0.0979443
-0.0292969 -0.0918406
-0.0273438 -0.0857334
-0.0253906 -0.079623
-0.0234375 -0.0735096
-0.0214844 -0.0673935
-0.0195312 -0.0612748
-0.0175781 -0.0551539
-0.015625 -0.0490309
-0.0136719 -0.042906
-0.0117188 -0.0367795
-0.00976562 -0.0306517
-0.0078125 -0.0245227
-0.00585938 -0.0183928
-0.00390625 -0.0122622
-0.00195312 -0.00613117
0 1.09209e-07
0.00195312 0.00613139
0.00390625 0.0122624
0.00585938 0.018393
0.0078125 0.0245229
0.00976562 0.0306519
0.0117188 0.0367798
0.0136719 0.0429062
0.015625 0.0490311
0.0175781 0.0551541
0.0195312 0.061275
0.0214844 0.0673937
0.0234375 0.0735098
0.0253906 0.0796232
0.0273438 0.0857336
0.0292969 0.0918408
0.03125 0.0979445
0.0332031 0.104045
0.0351562 0.110141
0.0371094 0.116233
0.0390625 0.122321
0.0410156 0.128404
0.0429688 0.134482
0.0449219 0.140555
0.046875 0.146623
0.0488281 0.152686
0.0507812 0.158743
0.0527344 0.164794
0.0546875 0.170838
0.0566406 0.176876
0.0585938 0.182908
0.0605469 0.188933
0.0625 0.194951
0.0644531 0.200961
0.0664062 0.206964
0.0683594 0.212959
0.0703125 0.218946
0.0722656 0.224925
0.0742188 0.230896
0.0761719 0.236858
0.078125 0.242811
0.0800781 0.248755
0.0820312 0.254689
0.0839844 0.260614
0.0859375 0.26653
0.0878906 0.272435
0.0898438 0.27833
0.0917969 0.284215
0.09375 0.290089
0.0957031 0.295952
0.0976562 0.301804
0.0996094 0.307645
0.101562 0.313474
0.103516 0.319292
0.105469 0.325097
0.107422 0.330891
0.109375 0.336672
0.111328 0.34244
0.113281 0.348196
0.115234 0.353938
0.117188 0.359667
0.119141 0.365383
0.121094 0.371085
0.123047 0.376773
0.125 0.382447
0.126953 0.388107
0.128906 0.393752
0.130859 0.399382
0.132812 0.404998
0.134766 0.410598
0.136719 0.416183
0.138672 0.421752
0.140625 0.427305
0.142578 0.432843
0.144531 0.438364
0.146484 0.443869
0.148438 0.449357
0.150391 0.454828
0.152344 0.460282
0.154297 0.465719
0.15625 0.471139
0.158203 0.476541
0.160156 0.481925
0.162109 0.48729
0.164062 0.492638
0.166016 0.497967
0.167969 0.503278
0.169922 0.508569
0.171875 0.513842
0.173828 0.519095
0.175781 0.524329
0.177734 0.529543
0.179688 0.534737
0.181641 0.539911
0.183594 0.545065
0.185547 0.550198
0.1875 0.555311
0.189453 0.560403
0.191406 0.565474
0.193359 0.570524
0.195312 0.575552
0.197266 0.580559
0.199219 0.585544
0.201172 0.590507
0.203125 0.595448
0.205078 0.600366
0.207031 0.605262
0.208984 0.610136
0.210938 0.614986
0.212891 0.619813
0.214844 0.624617
0.216797 0.629398
0.21875 0.634155
0.220703 0.638888
0.222656 0.643597
0.224609 0.648282
0.226562 0.652942
0.228516 0.657578
0.230469 0.66219
0.232422 0.666776
0.234375 0.671338
0.236328 0.675874
0.238281 0.680385
0.240234 0.684871
0.242188 0.68933
0.244141 0.693764
0.246094 0.698172
0.248047 0.702553
0.25 0.706908
0.251953 0.711237
0.253906 0.715538
0.255859 0.719813
0.257812 0.724061
0.259766 0.728282
0.261719 0.732475
0.263672 0.736641
0.265625 0.740779
0.267578 0.744889
0.269531 0.748972
0.271484 0.753026
0.273438 0.757052
0.275391 0.761049
0.277344 0.765018
0.279297 0.768958
0.28125 0.772869
0.283203 0.776751
0.285156 0.780604
0.287109 0.784427
0.289062 0.788221
0.291016 0.791986
0.292969 0.79572
0.294922 0.799425
0.296875 0.803099
0.298828 0.806744
0.300781 0.810358
0.302734 0.813942
0.304688 0.817494
0.306641 0.821017
0.308594 0.824508
0.310547 0.827968
0.3125 0.831398
0.314453 0.834795
0.316406 0.838162
0.318359 0.841497
0.320312 0.8448
0.322266 0.848072
0.324219 0.851311
0.326172 0.854519
0.328125 0.857694
0.330078 0.860837
0.332031 0.863948
0.333984 0.867026
0.335938 0.870072
0.337891 0.873085
0.339844 0.876065
0.341797 0.879012
0.34375 0.881925
0.345703 0.884806
0.347656 0.887654
0.349609 0.890467
0.351562 0.893248
0.353516 0.895995
0.355469 0.898708
0.357422 0.901387
0.359375 0.904032
0.361328 0.906643
0.363281 0.90922
0.365234 0.911763
0.367188 0.914272
0.369141 0.916746
0.371094 0.919185
0.373047 0.92159
0.375 0.92396
0.376953 0.926296
0.378906 0.928596
0.380859 0.930861
0.382812 0.933092
0.384766 0.935287
0.386719 0.937447
0.388672 0.939572
0.390625 0.941661
0.392578 0.943715
0.394531 0.945733
0.396484 0.947715
0.398438 0.949662
0.400391 0.951573
0.402344 0.953448
0.404297 0.955288
0.40625 0.957091
0.408203 0.958858
0.410156 0.960589
0.412109 0.962284
0.414062 0.963942
0.416016 0.965564
0.417969 0.96715
0.419922 0.968699
0.421875 0.970212
0.423828 0.971688
0.425781 0.973128
0.427734 0.97453
0.429688 0.975896
0.431641 0.977226
0.433594 0.978518
0.435547 0.979773
0.4375 0.980992
0.439453 0.982173
0.441406 0.983318
0.443359 0.984425
0.445312 0.985496
0.447266 0.986529
0.449219 0.987524
0.451172 0.988483
0.453125 0.989404
0.455078 0.990288
0.457031 0.991135
0.458984 0.991944
0.460938 0.992716
0.462891 0.99345
0.464844 0.994147
0.466797 0.994806
0.46875 0.995428
0.470703 0.996012
0.472656 0.996559
0.474609 0.997068
0.476562 0.997539
0.478516 0.997973
0.480469 0.998369
0.482422 0.998728
0.484375 0.999048
0.486328 0.999331
0.488281 0.999577
0.490234 0.999784
0.492188 0.999954
0.494141 1.00009
0.496094 1.00018
0.498047 1.00024
0.5 1.00026
0.501953 1.00024
0.503906 1.00018
0.505859 1.00009
0.507812 0.999954
0.509766 0.999784
0.511719 0.999576
0.513672 0.999331
0.515625 0.999047
0.517578 0.998727
0.519531 0.998368
0.521484 0.997972
0.523438 0.997538
0.525391 0.997066
0.527344 0.996557
0.529297 0.99601
0.53125 0.995426
0.533203 0.994804
0.535156 0.994145
0.537109 0.993448
0.539062 0.992713
0.541016 0.991941
0.542969 0.991132
0.544922 0.990285
0.546875 0.989401
0.548828 0.988479
0.550781 0.98752
0.552734 0.986524
0.554688 0.98549
0.556641 0.98442
0.558594 0.983312
0.560547 0.982167
0.5625 0.980985
0.564453 0.979766
0.566406 0.978511
0.568359 0.977218
0.570312 0.975888
0.572266 0.974521
0.574219 0.973118
0.576172 0.971678
0.578125 0.970201
0.580078 0.968688
0.582031 0.967138
0.583984 0.965552
0.585938 0.963929
0.587891 0.96227
0.589844 0.960575
0.591797 0.958843
0.59375 0.957075
0.595703 0.955271
0.597656 0.953431
0.599609 0.951556
0.601562 0.949644
0.603516 0.947696
0.605469 0.945713
0.607422 0.943694
0.609375 0.941639
0.611328 0.939549
0.613281 0.937424
0.615234 0.935263
0.617188 0.933067
0.619141 0.930835
0.621094 0.928569
0.623047 0.926268
0.625 0.923931
0.626953 0.92156
0.628906 0.919155
0.630859 0.916714
0.632812 0.914239
0.634766 0.91173
0.636719 0.909186
0.638672 0.906608
0.640625 0.903996
0.642578 0.90135
0.644531 0.898669
0.646484 0.895955
0.648438 0.893208
0.650391 0.890426
0.652344 0.887611
0.654297 0.884763
0.65625 0.881881
0.658203 0.878967
0.660156 0.876019
0.662109 0.873038
0.664062 0.870024
0.666016 0.866978
0.667969 0.863899
0.669922 0.860787
0.671875 0.857643
0.673828 0.854467
0.675781 0.851259
0.677734 0.848018
0.679688 0.844746
0.681641 0.841442
0.683594 0.838107
0.685547 0.83474
0.6875 0.831341
0.689453 0.827911
0.691406 0.824451
0.693359 0.820959
0.695312 0.817436
0.697266 0.813883
0.699219 0.810299
0.701172 0.806685
0.703125 0.80304
0.705078 0.799365
0.707031 0.79566
0.708984 0.791926
0.710938 0.788162
0.712891 0.784368
0.714844 0.780544
0.716797 0.776692
0.71875 0.77281
0.720703 0.768899
0.722656 0.76496
0.724609 0.760991
0.726562 0.756994
0.728516 0.752969
0.730469 0.748916
0.732422 0.744834
0.734375 0.740725
0.736328 0.736588
0.738281 0.732423
0.740234 0.728231
0.742188 0.724012
0.744141 0.719765
0.746094 0.715492
0.748047 0.711191
0.75 0.706865
0.751953 0.702511
0.753906 0.698132
0.755859 0.693726
0.757812 0.689294
0.759766 0.684837
0.761719 0.680354
0.763672 0.675845
0.765625 0.671311
0.767578 0.666752
0.769531 0.662168
0.771484 0.65756
0.773438 0.652927
0.775391 0.648269
0.777344 0.643587
0.779297 0.638882
0.78125 0.634152
0.783203 0.629398
0.785156 0.624622
0.787109 0.619821
0.789062 0.614998
0.791016 0.610152
0.792969 0.605282
0.794922 0.600391
0.796875 0.595477
0.798828 0.59054
0.800781 0.585582
0.802734 0.580602
0.804688 0.5756
0.806641 0.570576
0.808594 0.565532
0.810547 0.560466
0.8125 0.555379
0.814453 0.550272
0.816406 0.545144
0.818359 0.539995
0.820312 0.534827
0.822266 0.529639
0.824219 0.52443
0.826172 0.519203
0.828125 0.513956
0.830078 0.508689
0.832031 0.503404
0.833984 0.4981
0.835938 0.492777
0.837891 0.487436
0.839844 0.482077
0.841797 0.476699
0.84375 0.471304
0.845703 0.465892
0.847656 0.460462
0.849609 0.455014
0.851562 0.44955
0.853516 0.444069
0.855469 0.438571
0.857422 0.433057
0.859375 0.427526
0.861328 0.42198
0.863281 0.416418
0.865234 0.41084
0.867188 0.405246
0.869141 0.399638
0.871094 0.394014
0.873047 0.388376
0.875 0.382723
0.876953 0.377056
0.878906 0.371374
0.880859 0.365679
0.882812 0.35997
0.884766 0.354247
0.886719 0.34851
0.888672 0.342761
0.890625 0.336999
0.892578 0.331223
0.894531 0.325435
0.896484 0.319635
0.898438 0.313823
0.900391 0.307999
0.902344 0.302163
0.904297 0.296315
0.90625 0.290456
0.908203 0.284586
0.910156 0.278705
0.912109 0.272813
0.914062 0.26691
0.916016 0.260997
0.917969 0.255074
0.919922 0.249142
0.921875 0.243199
0.923828 0.237247
0.925781 0.231285
0.927734 0.225315
0.929688 0.219335
0.931641 0.213347
0.933594 0.20735
0.935547 0.201344
0.9375 0.195331
0.939453 0.18931
0.941406 0.183281
0.943359 0.177244
0.945312 0.1712
0.947266 0.165149
0.949219 0.159091
0.951172 0.153026
0.953125 0.146954
0.955078 0.140876
0.957031 0.134792
0.958984 0.128702
0.960938 0.122606
0.962891 0.116505
0.964844 0.110398
0.966797 0.104286
0.96875 0.0981689
0.970703 0.0920469
0.972656 0.0859203
0.974609 0.0797891
0.976562 0.0736537
0.978516 0.0675143
0.980469 0.0613708
0.982422 0.0552237
0.984375 0.049073
0.986328 0.042919
0.988281 0.0367617
0.990234 0.0306015
0.992188 0.0244384
0.994141 0.0182727
0.996094 0.0121046
0.998047 0.00593413
1 -0.000238436
