-1 -8.97932e-11
-0.998047 -0.00623229
-0.996094 -0.0124606
-0.994141 -0.0186849
-0.992188 -0.0249049
-0.990234 -0.0311206
-0.988281 -0.0373317
-0.986328 -0.0435381
-0.984375 -0.0497397
-0.982422 -0.0559363
-0.980469 -0.0621278
-0.978516 -0.068314
-0.976562 -0.0744947
-0.974609 -0.0806698
-0.972656 -0.0868391
-0.970703 -0.0930025
-0.96875 -0.0991598
-0.966797 -0.105311
-0.964844 -0.111456
-0.962891 -0.117594
-0.960938 -0.123725
-0.958984 -0.129849
-0.957031 -0.135967
-0.955078 -0.142077
-0.953125 -0.148179
-0.951172 -0.154274
-0.949219 -0.160362
-0.947266 -0.166441
-0.945312 -0.172512
-0.943359 -0.178575
-0.941406 -0.18463
-0.939453 -0.190676
-0.9375 -0.196713
-0.935547 -0.202741
-0.933594 -0.20876
-0.931641 -0.21477
-0.929688 -0.22077
-0.927734 -0.22676
-0.925781 -0.232741
-0.923828 -0.238712
-0.921875 -0.244672
-0.919922 -0.250622
-0.917969 -0.256561
-0.916016 -0.26249
-0.914062 -0.268407
-0.912109 -0.274314
-0.910156 -0.280209
-0.908203 -0.286093
-0.90625 -0.291965
-0.904297 -0.297825
-0.902344 -0.303673
-0.900391 -0.309508
-0.898438 -0.315332
-0.896484 -0.321142
-0.894531 -0.32694
-0.892578 -0.332725
-0.890625 -0.338497
-0.888672 -0.344255
-0.886719 -0.35
-0.884766 -0.355731
-0.882812 -0.361449
-0.880859 -0.367152
-0.878906 -0.37284
-0.876953 -0.378515
-0.875 -0.384174
-0.873047 -0.389819
-0.871094 -0.395449
-0.869141 -0.401063
-0.867188 -0.406662
-0.865234 -0.412245
-0.863281 -0.417813
-0.861328 -0.423365
-0.859375 -0.4289
-0.857422 -0.434419
-0.855469 -0.439921
-0.853516 -0.445407
-0.851562 -0.450876
-0.849609 -0.456328
-0.847656 -0.461762
-0.845703 -0.467179
-0.84375 -0.472578
-0.841797 -0.477959
-0.839844 -0.483322
-0.837891 -0.488667
-0.835938 -0.493994
-0.833984 -0.499302
-0.832031 -0.504591
-0.830078 -0.509861
-0.828125 -0.515112
-0.826172 -0.520343
-0.824219 -0.525555
-0.822266 -0.530748
-0.820312 -0.53592
-0.818359 -0.541072
-0.816406 -0.546204
-0.814453 -0.551316
-0.8125 -0.556407
-0.810547 -0.561477
-0.808594 -0.566526
-0.806641 -0.571553
-0.804688 -0.57656
-0.802734 -0.581545
-0.800781 -0.586508
-0.798828 -0.591449
-0.796875 -0.596368
-0.794922 -0.601265
-0.792969 -0.606139
-0.791016 -0.610991
-0.789062 -0.61582
-0.787109 -0.620626
-0.785156 -0.625409
-0.783203 -0.630168
-0.78125 -0.634904
-0.779297 -0.639616
-0.777344 -0.644305
-0.775391 -0.648969
-0.773438 -0.653609
-0.771484 -0.658225
-0.769531 -0.662816
-0.767578 -0.667383
-0.765625 -0.671925
-0.763672 -0.676441
-0.761719 -0.680933
-0.759766 -0.685399
-0.757812 -0.689839
-0.755859 -0.694254
-0.753906 -0.698643
-0.751953 -0.703006
-0.75 -0.707342
-0.748047 -0.711653
-0.746094 -0.715936
-0.744141 -0.720193
-0.742188 -0.724424
-0.740234 -0.728627
-0.738281 -0.732803
-0.736328 -0.736952
-0.734375 -0.741073
-0.732422 -0.745166
-0.730469 -0.749232
-0.728516 -0.75327
-0.726562 -0.75728
-0.724609 -0.761261
-0.722656 -0.765215
-0.720703 -0.769139
-0.71875 -0.773035
-0.716797 -0.776902
-0.714844 -0.78074
-0.712891 -0.784549
-0.710938 -0.788329
-0.708984 -0.792079
-0.707031 -0.7958
-0.705078 -0.799491
-0.703125 -0.803152
-0.701172 -0.806783
-0.699219 -0.810384
-0.697266 -0.813955
-0.695312 -0.817495
-0.693359 -0.821005
-0.691406 -0.824484
-0.689453 -0.827932
-0.6875 -0.83135
-0.685547 -0.834736
-0.683594 -0.838091
-0.681641 -0.841415
-0.679688 -0.844707
-0.677734 -0.847968
-0.675781 -0.851197
-0.673828 -0.854394
-0.671875 -0.85756
-0.669922 -0.860693
-0.667969 -0.863794
-0.666016 -0.866863
-0.664062 -0.869899
-0.662109 -0.872903
-0.660156 -0.875874
-0.658203 -0.878812
-0.65625 -0.881717
-0.654297 -0.88459
-0.652344 -0.887429
-0.650391 -0.890235
-0.648438 -0.893008
-0.646484 -0.895747
-0.644531 -0.898453
-0.642578 -0.901125
-0.640625 -0.903763
-0.638672 -0.906368
-0.636719 -0.908938
-0.634766 -0.911475
-0.632812 -0.913977
-0.630859 -0.916445
-0.628906 -0.918879
-0.626953 -0.921278
-0.625 -0.923643
-0.623047 -0.925973
-0.621094 -0.928268
-0.619141 -0.930528
-0.617188 -0.932754
-0.615234 -0.934945
-0.613281 -0.9371
-0.611328 -0.939221
-0.609375 -0.941306
-0.607422 -0.943355
-0.605469 -0.94537
-0.603516 -0.947349
-0.601562 -0.949292
-0.599609 -0.9512
-0.597656 -0.953072
-0.595703 -0.954908
-0.59375 -0.956709
-0.591797 -0.958473
-0.589844 -0.960202
-0.587891 -0.961894
-0.585938 -0.96355
-0.583984 -0.96517
-0.582031 -0.966754
-0.580078 -0.968302
-0.578125 -0.969813
-0.576172 -0.971287
-0.574219 -0.972726
-0.572266 -0.974127
-0.570312 -0.975492
-0.568359 -0.976821
-0.566406 -0.978112
-0.564453 -0.979367
-0.5625 -0.980585
-0.560547 -0.981766
-0.558594 -0.98291
-0.556641 -0.984018
-0.554688 -0.985088
-0.552734 -0.986121
-0.550781 -0.987117
-0.548828 -0.988076
-0.546875 -0.988998
-0.544922 -0.989883
-0.542969 -0.99073
-0.541016 -0.99154
-0.539062 -0.992313
-0.537109 -0.993049
-0.535156 -0.993747
-0.533203 -0.994408
-0.53125 -0.995031
-0.529297 -0.995617
-0.527344 -0.996165
-0.525391 -0.996676
-0.523438 -0.997149
-0.521484 -0.997585
-0.519531 -0.997983
-0.517578 -0.998344
-0.515625 -0.998667
-0.513672 -0.998953
-0.511719 -0.999201
-0.509766 -0.999411
-0.507812 -0.999584
-0.505859 -0.999719
-0.503906 -0.999816
-0.501953 -0.999876
-0.5 -0.999898
-0.498047 -0.999882
-0.496094 -0.999829
-0.494141 -0.999738
-0.492188 -0.999609
-0.490234 -0.999443
-0.488281 -0.999239
-0.486328 -0.998998
-0.484375 -0.998719
-0.482422 -0.998402
-0.480469 -0.998047
-0.478516 -0.997655
-0.476562 -0.997226
-0.474609 -0.996759
-0.472656 -0.996254
-0.470703 -0.995712
-0.46875 -0.995132
-0.466797 -0.994515
-0.464844 -0.99386
-0.462891 -0.993168
-0.460938 -0.992438
-0.458984 -0.991671
-0.457031 -0.990867
-0.455078 -0.990025
-0.453125 -0.989146
-0.451172 -0.98823
-0.449219 -0.987276
-0.447266 -0.986286
-0.445312 -0.985258
-0.443359 -0.984193
-0.441406 -0.98309
-0.439453 -0.981951
-0.4375 -0.980775
-0.435547 -0.979562
-0.433594 -0.978312
-0.431641 -0.977025
-0.429688 -0.975701
-0.427734 -0.97434
-0.425781 -0.972943
-0.423828 -0.971509
-0.421875 -0.970038
-0.419922 -0.968531
-0.417969 -0.966988
-0.416016 -0.965407
-0.414062 -0.963791
-0.412109 -0.962138
-0.410156 -0.960449
-0.408203 -0.958724
-0.40625 -0.956962
-0.404297 -0.955165
-0.402344 -0.953331
-0.400391 -0.951462
-0.398438 -0.949556
-0.396484 -0.947615
-0.394531 -0.945638
-0.392578 -0.943626
-0.390625 -0.941578
-0.388672 -0.939494
-0.386719 -0.937375
-0.384766 -0.935221
-0.382812 -0.933031
-0.380859 -0.930807
-0.378906 -0.928547
-0.376953 -0.926252
-0.375 -0.923922
-0.373047 -0.921558
-0.371094 -0.919159
-0.369141 -0.916725
-0.367188 -0.914256
-0.365234 -0.911753
-0.363281 -0.909216
-0.361328 -0.906644
-0.359375 -0.904039
-0.357422 -0.901399
-0.355469 -0.898725
-0.353516 -0.896017
-0.351562 -0.893276
-0.349609 -0.890501
-0.347656 -0.887692
-0.345703 -0.88485
-0.34375 -0.881974
-0.341797 -0.879066
-0.339844 -0.876124
-0.337891 -0.873149
-0.335938 -0.870141
-0.333984 -0.8671
-0.332031 -0.864027
-0.330078 -0.860921
-0.328125 -0.857783
-0.326172 -0.854613
-0.324219 -0.85141
-0.322266 -0.848175
-0.320312 -0.844908
-0.318359 -0.841609
-0.316406 -0.838279
-0.314453 -0.834917
-0.3125 -0.831524
-0.310547 -0.828099
-0.308594 -0.824643
-0.306641 -0.821156
-0.304688 -0.817638
-0.302734 -0.814089
-0.300781 -0.81051
-0.298828 -0.8069
-0.296875 -0.803259
-0.294922 -0.799589
-0.292969 -0.795888
-0.291016 -0.792157
-0.289062 -0.788396
-0.287109 -0.784606
-0.285156 -0.780786
-0.283203 -0.776937
-0.28125 -0.773058
-0.279297 -0.769151
-0.277344 -0.765214
-0.275391 -0.761249
-0.273438 -0.757254
-0.271484 -0.753232
-0.269531 -0.749181
-0.267578 -0.745102
-0.265625 -0.740994
-0.263672 -0.736859
-0.261719 -0.732696
-0.259766 -0.728505
-0.257812 -0.724287
-0.255859 -0.720042
-0.253906 -0.71577
-0.251953 -0.71147
-0.25 -0.707144
-0.248047 -0.702791
-0.246094 -0.698412
-0.244141 -0.694007
-0.242188 -0.689575
-0.240234 -0.685117
-0.238281 -0.680634
-0.236328 -0.676125
-0.234375 -0.67159
-0.232422 -0.667031
-0.230469 -0.662446
-0.228516 -0.657836
-0.226562 -0.653201
-0.224609 -0.648542
-0.222656 -0.643858
-0.220703 -0.63915
-0.21875 -0.634418
-0.216797 -0.629663
-0.214844 -0.624883
-0.212891 -0.62008
-0.210938 -0.615254
-0.208984 -0.610404
-0.207031 -0.605532
-0.205078 -0.600636
-0.203125 -0.595718
-0.201172 -0.590778
-0.199219 -0.585815
-0.197266 -0.580831
-0.195312 -0.575824
-0.193359 -0.570796
-0.191406 -0.565746
-0.189453 -0.560675
-0.1875 -0.555583
-0.185547 -0.55047
-0.183594 -0.545337
-0.181641 -0.540183
-0.179688 -0.535008
-0.177734 -0.529813
-0.175781 -0.524599
-0.173828 -0.519365
-0.171875 -0.514111
-0.169922 -0.508837
-0.167969 -0.503545
-0.166016 -0.498234
-0.164062 -0.492904
-0.162109 -0.487555
-0.160156 -0.482188
-0.158203 -0.476803
-0.15625 -0.4714
-0.154297 -0.465979
-0.152344 -0.460541
-0.150391 -0.455085
-0.148438 -0.449613
-0.146484 -0.444123
-0.144531 -0.438617
-0.142578 -0.433094
-0.140625 -0.427555
-0.138672 -0.421999
-0.136719 -0.416428
-0.134766 -0.410841
-0.132812 -0.405239
-0.130859 -0.399622
-0.128906 -0.393989
-0.126953 -0.388342
-0.125 -0.38268
-0.123047 -0.377004
-0.121094 -0.371313
-0.119141 -0.365609
-0.117188 -0.35989
-0.115234 -0.354159
-0.113281 -0.348414
-0.111328 -0.342655
-0.109375 -0.336884
-0.107422 -0.331101
-0.105469 -0.325304
-0.103516 -0.319496
-0.101562 -0.313676
-0.0996094 -0.307843
-0.0976562 -0.301999
-0.0957031 -0.296144
-0.09375 -0.290278
-0.0917969 -0.284401
-0.0898438 -0.278513
-0.0878906 -0.272614
-0.0859375 -0.266706
-0.0839844 -0.260787
-0.0820312 -0.254859
-0.0800781 -0.248921
-0.078125 -0.242973
-0.0761719 -0.237017
-0.0742188 -0.231051
-0.0722656 -0.225077
-0.0703125 -0.219094
-0.0683594 -0.213103
-0.0664062 -0.207105
-0.0644531 -0.201098
-0.0625 -0.195084
-0.0605469 -0.189062
-0.0585938 -0.183034
-0.0566406 -0.176998
-0.0546875 -0.170956
-0.0527344 -0.164907
-0.0507812 -0.158852
-0.0488281 -0.152791
-0.046875 -0.146725
-0.0449219 -0.140653
-0.0429688 -0.134576
-0.0410156 -0.128493
-0.0390625 -0.122406
-0.0371094 -0.116314
-0.0351562 -0.110218
-0.0332031 -0.104117
-0.03125 -0.0980132
-0.0292969 -0.0919052
-0.0273438 -0.0857938
-0.0253906 -0.0796791
-0.0234375 -0.0735615
-0.0214844 -0.0674411
-0.0195312 -0.0613182
-0.0175781 -0.0551929
-0.015625 -0.0490656
-0.0136719 -0.0429364
-0.0117188 -0.0368057
-0.00976562 -0.0306735
-0.0078125 -0.0245402
-0.00585938 -0.0184059
-0.00390625 -0.012271
-0.00195312 -0.00613562
0 -2.54525e-17
0.00195312 0.00613562
0.00390625 0.012271
0.00585938 0.0184059
0.0078125 0.0245402
0.00976562 0.0306735
0.0117188 0.0368057
0.0136719 0.0429364
0.015625 0.0490656
0.0175781 0.0551929
0.0195312 0.0613182
0.0214844 0.0674411
0.0234375 0.0735615
0.0253906 0.0796791
0.0273438 0.0857938
0.0292969 0.0919052
0.03125 0.0980132
0.0332031 0.104117
0.0351562 0.110218
0.0371094 0.116314
0.0390625 0.122406
0.0410156 0.128493
0.0429688 0.134576
0.0449219 0.140653
0.046875 0.146725
0.0488281 0.152791
0.0507812 0.158852
0.0527344 0.164907
0.0546875 0.170956
0.0566406 0.176998
0.0585938 0.183034
0.0605469 0.189062
0.0625 0.195084
0.0644531 0.201098
0.0664062 0.207105
0.0683594 0.213103
0.0703125 0.219094
0.0722656 0.225077
0.0742188 0.231051
0.0761719 0.237017
0.078125 0.242973
0.0800781 0.248921
0.0820312 0.254859
0.0839844 0.260787
0.0859375 0.266706
0.0878906 0.272614
0.0898438 0.278513
0.0917969 0.284401
0.09375 0.290278
0.0957031 0.296144
0.0976562 0.301999
0.0996094 0.307843
0.101562 0.313676
0.103516 0.319496
0.105469 0.325304
0.107422 0.331101
0.109375 0.336884
0.111328 0.342655
0.113281 0.348414
0.115234 0.354159
0.117188 0.35989
0.119141 0.365609
0.121094 0.371313
0.123047 0.377004
0.125 0.38268
0.126953 0.388342
0.128906 0.393989
0.130859 0.399622
0.132812 0.405239
0.134766 0.410841
0.136719 0.416428
0.138672 0.421999
0.140625 0.427555
0.142578 0.433094
0.144531 0.438617
0.146484 0.444123
0.148438 0.449613
0.150391 0.455085
0.152344 0.460541
0.154297 0.465979
0.15625 0.4714
0.158203 0.476803
0.160156 0.482188
0.162109 0.487555
0.164062 0.492904
0.166016 0.498234
0.167969 0.503545
0.169922 0.508837
0.171875 0.514111
0.173828 0.519365
0.175781 0.524599
0.177734 0.529813
0.179688 0.535008
0.181641 0.540183
0.183594 0.545337
0.185547 0.55047
0.1875 0.555583
0.189453 0.560675
0.191406 0.565746
0.193359 0.570796
0.195312 0.575824
0.197266 0.580831
0.199219 0.585815
0.201172 0.590778
0.203125 0.595718
0.205078 0.600636
0.207031 0.605532
0.208984 0.610404
0.210938 0.615254
0.212891 0.62008
0.214844 0.624883
0.216797 0.629663
0.21875 0.634418
0.220703 0.63915
0.222656 0.643858
0.224609 0.648542
0.226562 0.653201
0.228516 0.657836
0.230469 0.662446
0.232422 0.667031
0.234375 0.67159
0.236328 0.676125
0.238281 0.680634
0.240234 0.685117
0.242188 0.689575
0.244141 0.694007
0.246094 0.698412
0.248047 0.702791
0.25 0.707144
0.251953 0.71147
0.253906 0.71577
0.255859 0.720042
0.257812 0.724287
0.259766 0.728505
0.261719 0.732696
0.263672 0.736859
0.265625 0.740994
0.267578 0.745102
0.269531 0.749181
0.271484 0.753232
0.273438 0.757254
0.275391 0.761249
0.277344 0.765214
0.279297 0.769151
0.28125 0.773058
0.283203 0.776937
0.285156 0.780786
0.287109 0.784606
0.289062 0.788396
0.291016 0.792157
0.292969 0.795888
0.294922 0.799589
0.296875 0.803259
0.298828 0.8069
0.300781 0.81051
0.302734 0.814089
0.304688 0.817638
0.306641 0.821156
0.308594 0.824643
0.310547 0.828099
0.3125 0.831524
0.314453 0.834917
0.316406 0.838279
0.318359 0.841609
0.320312 0.844908
0.322266 0.848175
0.324219 0.85141
0.326172 0.854613
0.328125 0.857783
0.330078 0.860921
0.332031 0.864027
0.333984 0.8671
0.335938 0.870141
0.337891 0.873149
0.339844 0.876124
0.341797 0.879066
0.34375 0.881974
0.345703 0.88485
0.347656 0.887692
0.349609 0.890501
0.351562 0.893276
0.353516 0.896017
0.355469 0.898725
0.357422 0.901399
0.359375 0.904039
0.361328 0.906644
0.363281 0.909216
0.365234 0.911753
0.367188 0.914256
0.369141 0.916725
0.371094 0.919159
0.373047 0.921558
0.375 0.923922
0.376953 0.926252
0.378906 0.928547
0.380859 0.930807
0.382812 0.933031
0.384766 0.935221
0.386719 0.937375
0.388672 0.939494
0.390625 0.941578
0.392578 0.943626
0.394531 0.945638
0.396484 0.947615
0.398438 0.949556
0.400391 0.951462
0.402344 0.953331
0.404297 0.955165
0.40625 0.956962
0.408203 0.958724
0.410156 0.960449
0.412109 0.962138
0.414062 0.963791
0.416016 0.965407
0.417969 0.966988
0.419922 0.968531
0.421875 0.970038
0.423828 0.971509
0.425781 0.972943
0.427734 0.97434
0.429688 0.975701
0.431641 0.977025
0.433594 0.978312
0.435547 0.979562
0.4375 0.980775
0.439453 0.981951
0.441406 0.98309
0.443359 0.984193
0.445312 0.985258
0.447266 0.986286
0.449219 0.987276
0.451172 0.98823
0.453125 0.989146
0.455078 0.990025
0.457031 0.990867
0.458984 0.991671
0.460938 0.992438
0.462891 0.993168
0.464844 0.99386
0.466797 0.994515
0.46875 0.995132
0.470703 0.995712
0.472656 0.996254
0.474609 0.996759
0.476562 0.997226
0.478516 0.997655
0.480469 0.998047
0.482422 0.998402
0.484375 0.998719
0.486328 0.998998
0.488281 0.999239
0.490234 0.999443
0.492188 0.999609
0.494141 0.999738
0.496094 0.999829
0.498047 0.999882
0.5 0.999898
0.501953 0.999876
0.503906 0.999816
0.505859 0.999719
0.507812 0.999584
0.509766 0.999411
0.511719 0.999201
0.513672 0.998953
0.515625 0.998667
0.517578 0.998344
0.519531 0.997983
0.521484 0.997585
0.523438 0.997149
0.525391 0.996676
0.527344 0.996165
0.529297 0.995617
0.53125 0.995031
0.533203 0.994408
0.535156 0.993747
0.537109 0.993049
0.539062 0.992313
0.541016 0.99154
0.542969 0.99073
0.544922 0.989883
0.546875 0.988998
0.548828 0.988076
0.550781 0.987117
0.552734 0.986121
0.554688 0.985088
0.556641 0.984018
0.558594 0.98291
0.560547 0.981766
0.5625 0.980585
0.564453 0.979367
0.566406 0.978112
0.568359 0.976821
0.570312 0.975492
0.572266 0.974127
0.574219 0.972726
0.576172 0.971287
0.578125 0.969813
0.580078 0.968302
0.582031 0.966754
0.583984 0.96517
0.585938 0.96355
0.587891 0.961894
0.589844 0.960202
0.591797 0.958473
0.59375 0.956709
0.595703 0.954908
0.597656 0.953072
0.599609 0.9512
0.601562 0.949292
0.603516 0.947349
0.605469 0.94537
0.607422 0.943355
0.609375 0.941306
0.611328 0.939221
0.613281 0.9371
0.615234 0.934945
0.617188 0.932754
0.619141 0.930528
0.621094 0.928268
0.623047 0.925973
0.625 0.923643
0.626953 0.921278
0.628906 0.918879
0.630859 0.916445
0.632812 0.913977
0.634766 0.911475
0.636719 0.908938
0.638672 0.906368
0.640625 0.903763
0.642578 0.901125
0.644531 0.898453
0.646484 0.895747
0.648438 0.893008
0.650391 0.890235
0.652344 0.887429
0.654297 0.88459
0.65625 0.881717
0.658203 0.878812
0.660156 0.875874
0.662109 0.872903
0.664062 0.869899
0.666016 0.866863
0.667969 0.863794
0.669922 0.860693
0.671875 0.85756
0.673828 0.854394
0.675781 0.851197
0.677734 0.847968
0.679688 0.844707
0.681641 0.841415
0.683594 0.838091
0.685547 0.834736
0.6875 0.83135
0.689453 0.827932
0.691406 0.824484
0.693359 0.821005
0.695312 0.817495
0.697266 0.813955
0.699219 0.810384
0.701172 0.806783
0.703125 0.803152
0.705078 0.799491
0.707031 0.7958
0.708984 0.792079
0.710938 0.788329
0.712891 0.784549
0.714844 0.78074
0.716797 0.776902
0.71875 0.773035
0.720703 0.769139
0.722656 0.765215
0.724609 0.761261
0.726562 0.75728
0.728516 0.75327
0.730469 0.749232
0.732422 0.745166
0.734375 0.741073
0.736328 0.736952
0.738281 0.732803
0.740234 0.728627
0.742188 0.724424
0.744141 0.720193
0.746094 0.715936
0.748047 0.711653
0.75 0.707342
0.751953 0.703006
0.753906 0.698643
0.755859 0.694254
0.757812 0.689839
0.759766 0.685399
0.761719 0.680933
0.763672 0.676441
0.765625 0.671925
0.767578 0.667383
0.769531 0.662816
0.771484 0.658225
0.773438 0.653609
0.775391 0.648969
0.777344 0.644305
0.779297 0.639616
0.78125 0.634904
0.783203 0.630168
0.785156 0.625409
0.787109 0.620626
0.789062 0.61582
0.791016 0.610991
0.792969 0.606139
0.794922 0.601265
0.796875 0.596368
0.798828 0.591449
0.800781 0.586508
0.802734 0.581545
0.804688 0.57656
0.806641 0.571553
0.808594 0.566526
0.810547 0.561477
0.8125 0.556407
0.814453 0.551316
0.816406 0.546204
0.818359 0.541072
0.820312 0.53592
0.822266 0.530748
0.824219 0.525555
0.826172 0.520343
0.828125 0.515112
0.830078 0.509861
0.832031 0.504591
0.833984 0.499302
0.835938 0.493994
0.837891 0.488667
0.839844 0.483322
0.841797 0.477959
0.84375 0.472578
0.845703 0.467179
0.847656 0.461762
0.849609 0.456328
0.851562 0.450876
0.853516 0.445407
0.855469 0.439921
0.857422 0.434419
0.859375 0.4289
0.861328 0.423365
0.863281 0.417813
0.865234 0.412245
0.867188 0.406662
0.869141 0.401063
0.871094 0.395449
0.873047 0.389819
0.875 0.384174
0.876953 0.378515
0.878906 0.37284
0.880859 0.367152
0.882812 0.361449
0.884766 0.355731
0.886719 0.35
0.888672 0.344255
0.890625 0.338497
0.892578 0.332725
0.894531 0.32694
0.896484 0.321142
0.898438 0.315332
0.900391 0.309508
0.902344 0.303673
0.904297 0.297825
0.90625 0.291965
0.908203 0.286093
0.910156 0.280209
0.912109 0.274314
0.914062 0.268407
0.916016 0.26249
0.917969 0.256561
0.919922 0.250622
0.921875 0.244672
0.923828 0.238712
0.925781 0.232741
0.927734 0.22676
0.929688 0.22077
0.931641 0.21477
0.933594 0.20876
0.935547 0.202741
0.9375 0.196713
0.939453 0.190676
0.941406 0.18463
0.943359 0.178575
0.945312 0.172512
0.947266 0.166441
0.949219 0.160362
0.951172 0.154274
0.953125 0.148179
0.955078 0.142077
0.957031 0.135967
0.958984 0.129849
0.960938 0.123725
0.962891 0.117594
0.964844 0.111456
0.966797 0.105311
0.96875 0.0991598
0.970703 0.0930025
0.972656 0.0868391
0.974609 0.0806698
0.976562 0.0744947
0.978516 0.068314
0.980469 0.0621278
0.982422 0.0559363
0.984375 0.0497397
0.986328 0.0435381
0.988281 0.0373317
0.990234 0.0311206
0.992188 0.0249049
0.994141 0.0186849
0.996094 0.0124606
0.998047 0.00623229
1 8.97932e-11
