-1 -8.97932e-11
-0.988571 -0.0357543
-0.977143 -0.0714654
-0.965714 -0.10709
-0.954286 -0.142586
-0.942857 -0.17791
-0.931429 -0.213018
-0.92 -0.247867
-0.908571 -0.282415
-0.897143 -0.316618
-0.885714 -0.350433
-0.874286 -0.383818
-0.862857 -0.416728
-0.851429 -0.449122
-0.84 -0.480955
-0.828571 -0.512185
-0.817143 -0.542769
-0.805714 -0.572664
-0.794286 -0.601826
-0.782857 -0.630212
-0.771429 -0.65778
-0.76 -0.684486
-0.748571 -0.710287
-0.737143 -0.735141
-0.725714 -0.759003
-0.714286 -0.781831
-0.714286 -0.781831
-0.702857 -0.803588
-0.691429 -0.824257
-0.68 -0.843827
-0.668571 -0.862288
-0.657143 -0.87963
-0.645714 -0.895841
-0.634286 -0.910911
-0.622857 -0.924829
-0.611429 -0.937585
-0.6 -0.949169
-0.588571 -0.959568
-0.577143 -0.968774
-0.565714 -0.976774
-0.554286 -0.983559
-0.542857 -0.989118
-0.531429 -0.99344
-0.52 -0.996515
-0.508571 -0.998332
-0.497143 -0.998879
-0.485714 -0.998148
-0.474286 -0.996126
-0.462857 -0.992804
-0.451429 -0.988171
-0.44 -0.982216
-0.428571 -0.974928
-0.428571 -0.974928
-0.417143 -0.966304
-0.405714 -0.956366
-0.394286 -0.945145
-0.382857 -0.93267
-0.371429 -0.918971
-0.36 -0.904078
-0.348571 -0.88802
-0.337143 -0.870828
-0.325714 -0.852532
-0.314286 -0.833161
-0.302857 -0.812744
-0.291429 -0.791313
-0.28 -0.768896
-0.268571 -0.745523
-0.257143 -0.721225
-0.245714 -0.69603
-0.234286 -0.66997
-0.222857 -0.643073
-0.211429 -0.61537
-0.2 -0.58689
-0.188571 -0.557663
-0.177143 -0.527719
-0.165714 -0.497088
-0.154286 -0.4658
-0.142857 -0.433884
-0.142857 -0.433884
-0.131429 -0.401373
-0.12 -0.368312
-0.108571 -0.334749
-0.0971429 -0.300732
-0.0857143 -0.266308
-0.0742857 -0.231526
-0.0628571 -0.196432
-0.0514286 -0.161076
-0.04 -0.125505
-0.0285714 -0.0897657
-0.0171429 -0.0539072
-0.00571429 -0.017977
0.00571429 0.017977
0.0171429 0.0539072
0.0285714 0.0897657
0.04 0.125505
0.0514286 0.161076
0.0628571 0.196432
0.0742857 0.231526
0.0857143 0.266308
0.0971429 0.300732
0.108571 0.334749
0.12 0.368312
0.131429 0.401373
0.142857 0.433884
0.142857 0.433884
0.154286 0.4658
0.165714 0.497088
0.177143 0.527719
0.188571 0.557663
0.2 0.58689
0.211429 0.61537
0.222857 0.643073
0.234286 0.66997
0.245714 0.69603
0.257143 0.721225
0.268571 0.745523
0.28 0.768896
0.291429 0.791313
0.302857 0.812744
0.314286 0.833161
0.325714 0.852532
0.337143 0.870828
0.348571 0.88802
0.36 0.904078
0.371429 0.918971
0.382857 0.93267
0.394286 0.945145
0.405714 0.956366
0.417143 0.966304
0.428571 0.974928
0.428571 0.974928
0.44 0.982216
0.451429 0.988171
0.462857 0.992804
0.474286 0.996126
0.485714 0.998148
0.497143 0.998879
0.508571 0.998332
0.52 0.996515
0.531429 0.99344
0.542857 0.989118
0.554286 0.983559
0.565714 0.976774
0.577143 0.968774
0.588571 0.959568
0.6 0.949169
0.611429 0.937585
0.622857 0.924829
0.634286 0.910911
0.645714 0.895841
0.657143 0.87963
0.668571 0.862288
0.68 0.843827
0.691429 0.824257
0.702857 0.803588
0.714286 0.781831
0.714286 0.781831
0.725714 0.759003
0.737143 0.735141
0.748571 0.710287
0.76 0.684486
0.771429 0.65778
0.782857 0.630212
0.794286 0.601826
0.805714 0.572664
0.817143 0.542769
0.828571 0.512185
0.84 0.480955
0.851429 0.449122
0.862857 0.416728
0.874286 0.383818
0.885714 0.350433
0.897143 0.316618
0.908571 0.282415
0.92 0.247867
0.931429 0.213018
0.942857 0.17791
0.954286 0.142586
0.965714 0.10709
0.977143 0.0714654
0.988571 0.0357543
1 8.97917e-11
1 8.97931e-11
