1.2 -0 
1.2 -1.3 
1.46 -1.3 
1.46 -1.69 
1.538 -1.69 
1.538 -1.807 
1.5614 -1.807 
1.5614 -1.8421 
1.56842 -1.8421 
1.56842 -1.85263 
1.57053 -1.85263 
1.57053 -1.85579 
1.57116 -1.85579 
1.57116 -1.85674 
1.57135 -1.85674 
1.57135 -1.85702 
1.5714 -1.85702 
1.5714 -1.85711 
1.57142 -1.85711 
1.57142 -1.85713 
1.57143 -1.85713 
1.57143 -1.85714 
1.57143 -1.85714 
1.57143 -1.85714 
1.57143 -1.85714 
1.57143 -1.85714 
1.57143 -1.85714 
1.57143 -1.85714 
1.57143 -1.85714 
1.57143 -1.85714 
1.57143 -1.85714 
1.57143 -1.85714 
