0.107505
0.13996
0.235287
0.277945
0.364724
0.414542
0.495323
0.550166
0.626738
0.685106
0.758724
0.819568
0.891113
0.953693
1.02378
1.08758
1.15665
1.2213
1.28966
1.35491
1.42276
1.48844
1.55593
1.62191
1.68915
1.75533
1.82241
1.88873
1.95569
2.02211
2.08898
2.15548
2.22229
2.28883
2.3556
2.42218
2.48892
2.55553
2.62224
2.68887
2.75557
2.82221
2.8889
2.95555
3.02223
3.08888
3.15556
3.22222
3.28889
3.35555
3.42222
3.48889
3.55556
3.62222
3.68889
3.75555
3.82222
3.88889
3.95556
4.02222
4.08889
4.15556
4.22222
4.28889
4.35556
4.42222
4.48889
4.55556
4.62222
4.68889
4.75556
4.82222
4.88889
4.95556
5.02222
5.08889
5.15556
5.22222
5.28889
5.35556
5.42222
5.48889
5.55556
5.62222
5.68889
5.75556
5.82222
5.88889
5.95556
6.02222
6.08889
6.15556
6.22222
6.28889
6.35556
6.42222
6.48889
6.55556
6.62222
6.68889
6.75556
6.82222
6.88889
6.95556
7.02222
7.08889
7.15556
7.22222
7.28889
7.35556
7.42222
7.48889
7.55556
7.62222
7.68889
7.75556
7.82222
7.88889
7.95556
8.02222
8.08889
8.15556
8.22222
8.28889
8.35556
8.42222
8.48889
8.55556
8.62222
8.68889
8.75556
8.82222
8.88889
8.95556
9.02222
9.08889
9.15556
9.22222
9.28889
9.35556
9.42222
9.48889
9.55556
9.62222
9.68889
9.75556
9.82222
9.88889
9.95556
10.0222
10.0889
10.1556
10.2222
10.2889
10.3556
10.4222
10.4889
10.5556
10.6222
10.6889
10.7556
10.8222
10.8889
10.9556
11.0222
11.0889
11.1556
11.2222
11.2889
11.3556
11.4222
11.4889
11.5556
11.6222
11.6889
11.7556
11.8222
11.8889
11.9556
12.0222
12.0889
12.1556
12.2222
12.2889
12.3556
12.4222
12.4889
12.5556
12.6222
12.6889
12.7556
12.8222
12.8889
12.9556
13.0222
13.0889
13.1556
13.2222
13.2888
13.3562
13.4174
13.5234
13.3082
15.3938

