0 0 -1 
-1 -0 4.63268e-05 
-0.959482 -0 0.281769 
-0.841238 -0 0.540666 
-0.654845 -0 0.755763 
-0.415404 -0 0.909637 
-0.142311 -0 0.989822 
0.142311 0 0.989822 
0.415404 0 0.909637 
0.654845 0 0.755763 
0.841238 0 0.540666 
0.959482 0 0.281769 
-0.841263 -0.540627 4.63268e-05 
-0.807177 -0.518722 0.281769 
-0.707702 -0.454795 0.540666 
-0.550896 -0.354027 0.755763 
-0.349463 -0.224578 0.909637 
-0.119721 -0.0769369 0.989822 
0.119721 0.0769369 0.989822 
0.349463 0.224578 0.909637 
0.550896 0.354027 0.755763 
0.707702 0.454795 0.540666 
0.807177 0.518722 0.281769 
-0.415446 -0.909618 4.63268e-05 
-0.398613 -0.872762 0.281769 
-0.349489 -0.765205 0.540666 
-0.272052 -0.595659 0.755763 
-0.172578 -0.377859 0.909637 
-0.0591224 -0.129448 0.989822 
0.0591224 0.129448 0.989822 
0.172578 0.377859 0.909637 
0.272052 0.595659 0.755763 
0.349489 0.765205 0.540666 
0.398613 0.872762 0.281769 
0.142265 -0.989829 4.63268e-05 
0.136501 -0.949723 0.281769 
0.119679 -0.832681 0.540666 
0.0931614 -0.648184 0.755763 
0.0590973 -0.411178 0.909637 
0.0202458 -0.140863 0.989822 
-0.0202458 0.140863 0.989822 
-0.0590973 0.411178 0.909637 
-0.0931614 0.648184 0.755763 
-0.119679 0.832681 0.540666 
-0.136501 0.949723 0.281769 
0.65481 -0.755794 4.63268e-05 
0.628278 -0.725171 0.281769 
0.550851 -0.635802 0.540666 
0.428799 -0.494928 0.755763 
0.27201 -0.313959 0.909637 
0.0931864 -0.107558 0.989822 
-0.0931864 0.107558 0.989822 
-0.27201 0.313959 0.909637 
-0.428799 0.494928 0.755763 
-0.550851 0.635802 0.540666 
-0.628278 0.725171 0.281769 
0.959469 -0.281813 4.63268e-05 
0.920594 -0.270395 0.281769 
0.807142 -0.237072 0.540666 
0.628303 -0.184544 0.755763 
0.398567 -0.117066 0.909637 
0.136543 -0.0401051 0.989822 
-0.136543 0.0401051 0.989822 
-0.398567 0.117066 0.909637 
-0.628303 0.184544 0.755763 
-0.807142 0.237072 0.540666 
-0.920594 0.270395 0.281769 
0.959521 0.281636 4.63268e-05 
0.920644 0.270224 0.281769 
0.807186 0.236922 0.540666 
0.628338 0.184428 0.755763 
0.398589 0.116992 0.909637 
0.13655 0.0400797 0.989822 
-0.13655 -0.0400797 0.989822 
-0.398589 -0.116992 0.909637 
-0.628338 -0.184428 0.755763 
-0.807186 -0.236922 0.540666 
-0.920644 -0.270224 0.281769 
0.65495 0.755672 4.63268e-05 
0.628413 0.725054 0.281769 
0.550968 0.6357 0.540666 
0.428891 0.494848 0.755763 
0.272068 0.313909 0.909637 
0.0932064 0.10754 0.989822 
-0.0932064 -0.10754 0.989822 
-0.272068 -0.313909 0.909637 
-0.428891 -0.494848 0.755763 
-0.550968 -0.6357 0.540666 
-0.628413 -0.725054 0.281769 
0.142448 0.989802 4.63268e-05 
0.136677 0.949698 0.281769 
0.119833 0.832659 0.540666 
0.0932815 0.648167 0.755763 
0.0591735 0.411167 0.909637 
0.0202719 0.140859 0.989822 
-0.0202719 -0.140859 0.989822 
-0.0591735 -0.411167 0.909637 
-0.0932815 -0.648167 0.755763 
-0.119833 -0.832659 0.540666 
-0.136677 -0.949698 0.281769 
-0.415277 0.909695 4.63268e-05 
-0.398451 0.872836 0.281769 
-0.349347 0.76527 0.540666 
-0.271942 0.595709 0.755763 
-0.172508 0.37789 0.909637 
-0.0590984 0.129459 0.989822 
0.0590984 -0.129459 0.989822 
0.172508 -0.37789 0.909637 
0.271942 -0.595709 0.755763 
0.349347 -0.76527 0.540666 
0.398451 -0.872836 0.281769 
-0.841162 0.540783 4.63268e-05 
-0.80708 0.518871 0.281769 
-0.707617 0.454927 0.540666 
-0.550831 0.354129 0.755763 
-0.349422 0.224643 0.909637 
-0.119706 0.0769591 0.989822 
0.119706 -0.0769591 0.989822 
0.349422 -0.224643 0.909637 
0.550831 -0.354129 0.755763 
0.707617 -0.454927 0.540666 
0.80708 -0.518871 0.281769 
